Cj0001	CJJ81176_RS00005	99.318	100	440	440	440	885	0.0
Cj0002	CJJ81176_RS00010	99.718	100	355	355	355	703	0.0
Cj0003	CJJ81176_RS00015	99.350	100	769	769	769	1568	0.0
Cj0004c	CJJ81176_RS00020	98.230	100	113	113	113	230	1.09e-81
Cj0005c	CJJ81176_RS00025	100.000	100	412	412	412	843	0.0
Cj0006	CJJ81176_RS00030	99.770	100	435	435	435	859	0.0
Cj0007	CJJ81176_RS00035	99.666	99	1496	1495	1495	3060	0.0
Cj0008	CJJ81176_RS00040	23.592	47	583	573	284	44.3	6.61e-06
Cj0009	CJJ81176_RS00045	97.089	100	481	481	481	964	0.0
Cj0010c	CJJ81176_RS00050	100.000	100	191	191	191	382	2.15e-139
Cj0011c	CJJ81176_RS00055	98.734	100	79	79	79	149	9.36e-51
Cj0012c	CJJ81176_RS00060	100.000	100	215	215	215	440	1.70e-161
Cj0013	CJJ81176_RS00065	97.849	100	558	558	558	1114	0.0
Cj0014c	CJJ81176_RS00070	98.485	38	174	132	66	138	5.37e-44
Cj0015c	CJJ81176_RS00075	100.000	100	408	408	408	830	0.0
Cj0016	CJJ81176_RS00080	99.107	100	224	224	224	448	2.77e-164
Cj0017c	CJJ81176_RS00085	100.000	100	508	508	508	1036	0.0
Cj0018c	CJJ81176_RS00090	100.000	100	55	55	55	104	2.45e-33
Cj0019c	CJJ81176_RS00095	99.831	100	592	592	592	1155	0.0
Cj0020c	CJJ81176_RS00100	99.342	100	304	304	304	631	0.0
Cj0021c	CJJ81176_RS00105	98.630	100	292	292	292	589	0.0
Cj0022c	CJJ81176_RS00110	100.000	100	300	300	300	605	0.0
Cj0023	CJJ81176_RS00115	100.000	100	442	442	442	910	0.0
Cj0024	CJJ81176_RS00120	99.620	100	789	789	789	1625	0.0
Cj0025c	CJJ81176_RS00125	98.698	100	461	461	461	910	0.0
Cj0026c	CJJ81176_RS00130	100.000	100	207	207	207	429	3.88e-157
Cj0027	CJJ81176_RS00135	99.632	100	543	543	543	1106	0.0
Cj0028	CJJ81176_RS00140	99.618	100	523	523	523	1055	0.0
Cj0029	CJJ81176_RS00145	90.030	100	331	348	331	600	0.0
Cj0030	CJJ81176_RS08505	38.298	10	465	922	47	28.5	0.47
Cj0031	CJJ81176_RS00200	81.782	100	1243	1244	1257	1956	0.0
Cj0033	CJJ81176_RS00215	80.728	74	593	513	467	650	0.0
Cj0034c	CJJ81176_RS00220	97.425	100	233	233	233	456	4.06e-167
Cj0035c	CJJ81176_RS00225	99.250	100	400	403	400	781	0.0
Cj0036	CJJ81176_RS00230	99.555	100	449	449	449	880	0.0
Cj0037c	CJJ81176_RS00235	99.712	100	347	347	347	715	0.0
Cj0038c	CJJ81176_RS00240	97.674	100	215	215	215	404	3.61e-147
Cj0039c	CJJ81176_RS00245	99.502	100	602	602	602	1211	0.0
Cj0040	CJJ81176_RS00250	97.196	100	107	107	107	196	2.90e-68
Cj0041	CJJ81176_RS00255	96.399	100	598	610	611	1116	0.0
Cj0042	CJJ81176_RS00260	100.000	100	294	294	294	587	0.0
Cj0043	CJJ81176_RS00265	99.817	100	545	545	545	1084	0.0
Cj0044c	CJJ81176_RS00270	94.703	100	623	622	623	1176	0.0
Cj0045c	CJJ81176_RS00275	97.037	56	240	239	135	261	4.55e-90
Cj0053c	CJJ81176_RS00305	99.704	100	338	338	338	690	0.0
Cj0054c	CJJ81176_RS00310	99.005	100	201	201	201	402	6.27e-147
Cj0055c	CJJ81176_RS00315	99.237	96	274	262	262	521	0.0
Cj0057	CJJ81176_RS00325	88.462	9	284	285	26	52.0	4.01e-09
Cj0058	CJJ81176_RS00330	93.846	33	199	199	65	123	6.17e-37
Cj0059c	CJJ81176_RS00335	99.286	100	280	280	280	563	0.0
Cj0060c	CJJ81176_RS00340	100.000	100	359	359	359	722	0.0
Cj0061c	CJJ81176_RS00345	100.000	97	238	230	230	454	2.44e-166
Cj0062c	CJJ81176_RS00350	99.153	100	118	118	118	233	2.29e-82
Cj0063c	CJJ81176_RS00355	100.000	100	288	288	288	574	0.0
Cj0064c	CJJ81176_RS00360	99.587	100	484	484	484	988	0.0
Cj0065c	CJJ81176_RS00365	100.000	100	157	157	157	321	4.20e-116
Cj0066c	CJJ81176_RS00370	100.000	100	159	159	159	326	3.21e-118
Cj0067	CJJ81176_RS00375	99.511	100	409	409	409	823	0.0
Cj0068	CJJ81176_RS00380	98.993	100	298	298	298	585	0.0
Cj0069	CJJ81176_RS00385	100.000	100	343	343	343	705	0.0
Cj0073c	CJJ81176_RS00405	99.541	100	218	218	218	440	4.13e-161
Cj0074c	CJJ81176_RS00410	99.791	100	479	479	479	997	0.0
Cj0075c	CJJ81176_RS00415	98.374	100	246	246	246	500	0.0
Cj0076c	CJJ81176_RS00420	100.000	100	560	560	560	1098	0.0
Cj0077c	CJJ81176_RS00425	100.000	100	189	189	189	379	2.99e-138
Cj0078c	CJJ81176_RS00430	100.000	100	265	265	265	544	0.0
Cj0079c	CJJ81176_RS00435	100.000	100	268	268	268	555	0.0
Cj0080	CJJ81176_RS00440	100.000	87	89	77	77	147	1.67e-49
Cj0081	CJJ81176_RS00445	99.808	100	520	520	520	1060	0.0
Cj0082	CJJ81176_RS00450	100.000	100	374	374	374	741	0.0
Cj0085c	CJJ81176_RS00460	99.134	100	231	231	231	454	2.51e-166
Cj0086c	CJJ81176_RS00465	99.567	100	231	231	231	463	6.62e-170
Cj0087	CJJ81176_RS00470	99.573	100	468	468	468	964	0.0
Cj0088	CJJ81176_RS00475	98.876	100	445	445	445	868	0.0
Cj0089	CJJ81176_RS00480	97.792	100	453	453	453	891	0.0
Cj0090	CJJ81176_RS00485	97.541	100	122	122	122	239	5.02e-85
Cj0091	CJJ81176_RS00490	99.517	100	207	207	207	416	2.82e-152
Cj0092	CJJ81176_RS00495	99.326	100	445	445	445	899	0.0
Cj0093	CJJ81176_RS00500	99.250	100	400	400	400	792	0.0
Cj0094	CJJ81176_RS00505	100.000	100	102	102	102	199	1.40e-69
Cj0095	CJJ81176_RS00510	100.000	100	84	84	84	169	1.73e-58
Cj0096	CJJ81176_RS00515	99.425	99	350	356	348	689	0.0
Cj0097	CJJ81176_RS00520	100.000	100	251	251	251	502	0.0
Cj0098	CJJ81176_RS00525	98.361	100	305	305	305	605	0.0
Cj0099	CJJ81176_RS00530	97.235	100	217	217	217	425	2.77e-155
Cj0100	CJJ81176_RS00535	100.000	100	261	261	261	523	0.0
Cj0101	CJJ81176_RS00540	99.640	100	278	278	278	545	0.0
Cj0102	CJJ81176_RS00545	99.291	100	141	141	141	275	1.46e-98
Cj0103	CJJ81176_RS00550	100.000	100	170	170	170	336	1.48e-121
Cj0104	CJJ81176_RS00555	100.000	100	173	173	173	333	1.58e-120
Cj0105	CJJ81176_RS00560	99.800	100	501	501	501	1006	0.0
Cj0106	CJJ81176_RS00565	98.299	100	294	294	294	585	0.0
Cj0107	CJJ81176_RS00570	100.000	100	465	465	465	945	0.0
Cj0108	CJJ81176_RS00575	100.000	100	129	129	129	258	2.33e-92
Cj0109	CJJ81176_RS00580	99.457	100	184	184	184	362	1.92e-131
Cj0110	CJJ81176_RS00585	99.225	100	129	129	129	256	2.07e-91
Cj0111	CJJ81176_RS00590	98.456	100	259	259	259	510	0.0
Cj0112	CJJ81176_RS00595	98.507	100	402	402	402	797	0.0
Cj0113	CJJ81176_RS00600	100.000	100	165	165	165	336	1.04e-121
Cj0114	CJJ81176_RS00605	100.000	100	315	315	315	624	0.0
Cj0115	CJJ81176_RS00610	98.953	100	189	191	191	376	8.28e-137
Cj0116	CJJ81176_RS00615	98.366	100	306	306	306	604	0.0
Cj0117	CJJ81176_RS00620	99.563	100	229	229	229	459	1.56e-168
Cj0118	CJJ81176_RS00625	98.800	99	251	251	250	514	0.0
Cj0119	CJJ81176_RS00630	98.266	100	173	173	173	349	8.18e-127
Cj0120	CJJ81176_RS00635	99.020	100	204	204	204	410	9.99e-150
Cj0121	CJJ81176_RS00640	98.496	99	135	134	133	260	1.14e-92
Cj0122	CJJ81176_RS00315	51.695	48	229	262	118	100	4.80e-27
Cj0123c	CJJ81176_RS00650	96.066	99	308	305	305	602	0.0
Cj0124c	CJJ81176_RS00655	98.780	100	328	328	328	635	0.0
Cj0125c	CJJ81176_RS00660	100.000	100	120	120	120	243	2.33e-86
Cj0126c	CJJ81176_RS00665	98.658	97	153	149	149	298	3.15e-107
Cj0127c	CJJ81176_RS00670	98.571	100	280	280	280	569	0.0
Cj0128c	CJJ81176_RS00675	99.167	100	240	240	240	475	2.65e-174
Cj0129c	CJJ81176_RS00680	99.053	100	739	739	739	1481	0.0
Cj0130	CJJ81176_RS00685	99.636	100	275	275	275	559	0.0
Cj0131	CJJ81176_RS00690	98.906	100	457	457	457	922	0.0
Cj0132	CJJ81176_RS00695	98.980	100	294	294	294	595	0.0
Cj0133	CJJ81176_RS00700	99.248	100	133	133	133	262	1.36e-93
Cj0134	CJJ81176_RS00705	99.658	100	292	292	292	583	0.0
Cj0135	CJJ81176_RS00710	100.000	100	85	85	85	174	2.35e-60
Cj0136	CJJ81176_RS00715	99.541	100	871	871	871	1730	0.0
Cj0137	CJJ81176_RS00720	99.167	100	120	120	120	246	1.30e-87
Cj0138	CJJ81176_RS00725	97.143	100	140	140	140	272	2.18e-97
Cj0139	CJJ81176_RS00730	61.181	58	783	631	474	489	1.15e-165
Cj0140	CJJ81176_RS00735	96.918	66	443	292	292	577	0.0
Cj0141c	CJJ81176_RS00740	97.004	100	267	267	267	507	0.0
Cj0142c	CJJ81176_RS00745	97.887	100	284	284	284	567	0.0
Cj0143c	CJJ81176_RS00750	98.649	100	296	296	296	595	0.0
Cj0144	CJJ81176_RS00755	100.000	100	659	659	659	1327	0.0
Cj0145	CJJ81176_RS00760	98.314	100	593	593	593	1210	0.0
Cj0146c	CJJ81176_RS00765	98.077	100	312	312	312	625	0.0
Cj0147c	CJJ81176_RS00770	99.038	100	104	104	104	213	5.26e-75
Cj0148c	CJJ81176_RS00775	100.000	100	112	112	112	220	8.52e-78
Cj0149c	CJJ81176_RS00780	98.554	100	415	415	415	826	0.0
Cj0150c	CJJ81176_RS00785	99.250	100	400	400	400	825	0.0
Cj0151c	CJJ81176_RS00790	99.254	100	268	268	268	521	0.0
Cj0152c	CJJ81176_RS00795	99.038	100	312	312	312	613	0.0
Cj0153c	CJJ81176_RS00800	99.559	100	227	227	227	449	2.02e-164
Cj0154c	CJJ81176_RS00805	99.270	100	274	274	274	544	0.0
Cj0155c	CJJ81176_RS00810	100.000	100	66	66	66	138	1.75e-46
Cj0156c	CJJ81176_RS00815	99.083	100	218	218	218	433	1.24e-158
Cj0157c	CJJ81176_RS00820	100.000	100	135	135	135	265	1.38e-94
Cj0158c	CJJ81176_RS00825	96.454	100	141	141	141	273	1.01e-97
Cj0159c	CJJ81176_RS00830	99.482	100	193	193	193	400	3.79e-146
Cj0160c	CJJ81176_RS00835	98.785	100	247	247	247	496	0.0
Cj0161c	CJJ81176_RS00840	100.000	100	320	320	320	647	0.0
Cj0162c	CJJ81176_RS00845	100.000	100	171	171	171	337	6.43e-122
Cj0163c	CJJ81176_RS00850	99.394	100	165	165	165	323	1.47e-116
Cj0164c	CJJ81176_RS00855	97.619	100	294	294	294	572	0.0
Cj0166	CJJ81176_RS00860	98.270	100	289	289	289	573	0.0
Cj0167c	CJJ81176_RS00865	100.000	100	187	187	187	359	2.07e-130
Cj0168c	CJJ81176_RS00875	91.667	100	55	60	60	102	9.30e-33
Cj0169	CJJ81176_RS00880	100.000	100	220	220	220	458	2.00e-168
Cj0170	CJJ81176_RS09140	95.652	28	247	230	69	140	1.34e-42
Cj0172c	CJJ81176_RS00895	99.002	100	401	401	401	827	0.0
Cj0173c	CJJ81176_RS00900	99.338	100	302	302	302	603	0.0
Cj0174c	CJJ81176_RS00905	99.257	100	538	538	538	1058	0.0
Cj0175c	CJJ81176_RS00910	97.904	100	334	334	334	667	0.0
Cj0176c	CJJ81176_RS00915	100.000	88	43	38	38	80.9	1.64e-24
Cj0177	CJJ81176_RS08615	34.483	10	283	140	29	26.9	0.37
Cj0178	CJJ81176_RS02165	24.667	19	755	684	150	32.7	0.037
Cj0179	CJJ81176_RS00580	30.851	74	253	184	188	72.8	3.85e-17
Cj0180	CJJ81176_RS00585	34.646	91	136	129	127	75.9	5.42e-20
Cj0181	CJJ81176_RS01345	75.000	6	248	249	16	26.2	0.82
Cj0182	CJJ81176_RS00920	98.747	99	401	399	399	786	0.0
Cj0183	CJJ81176_RS00925	99.336	100	452	452	452	914	0.0
Cj0184c	CJJ81176_RS00930	98.438	100	384	394	384	766	0.0
Cj0186c	CJJ81176_RS00940	99.582	100	239	239	239	462	3.33e-169
Cj0187c	CJJ81176_RS00945	97.872	100	188	188	188	375	1.41e-136
Cj0188c	CJJ81176_RS00950	98.904	100	456	456	456	898	0.0
Cj0189c	CJJ81176_RS00955	100.000	100	232	232	232	465	1.22e-170
Cj0190c	CJJ81176_RS00960	99.401	100	501	501	501	1011	0.0
Cj0191c	CJJ81176_RS00965	99.429	100	175	175	175	352	7.15e-128
Cj0192c	CJJ81176_RS00970	99.485	100	194	194	194	395	3.34e-144
Cj0193c	CJJ81176_RS00975	98.423	100	444	444	444	852	0.0
Cj0194	CJJ81176_RS00980	99.474	100	190	190	190	390	3.10e-142
Cj0195	CJJ81176_RS00985	99.566	100	461	461	461	929	0.0
Cj0196c	CJJ81176_RS00990	100.000	100	445	445	445	912	0.0
Cj0197c	CJJ81176_RS00995	100.000	100	242	242	242	497	0.0
Cj0198c	CJJ81176_RS01000	99.746	100	393	393	393	793	0.0
Cj0199c	CJJ81176_RS01005	96.800	100	373	375	375	692	0.0
Cj0200c	CJJ81176_RS01010	99.130	100	115	115	115	233	1.68e-82
Cj0201c	CJJ81176_RS01015	98.947	95	201	190	190	378	1.52e-137
Cj0203	CJJ81176_RS01025	99.777	100	448	448	448	875	0.0
Cj0204	CJJ81176_RS01030	99.699	100	665	665	665	1319	0.0
Cj0205	CJJ81176_RS01035	99.251	100	267	267	267	511	0.0
Cj0206	CJJ81176_RS01040	99.169	100	602	602	602	1223	0.0
Cj0207	CJJ81176_RS01045	100.000	100	172	172	172	348	1.34e-126
Cj0208	CJJ81176_RS01050	99.725	100	363	363	363	733	0.0
Cj0224	CJJ81176_RS01085	98.830	100	342	342	342	694	0.0
Cj0225	CJJ81176_RS01090	97.297	100	148	148	148	301	1.65e-108
Cj0226	CJJ81176_RS01095	99.644	100	281	281	281	558	0.0
Cj0227	CJJ81176_RS01100	98.987	100	395	395	395	800	0.0
Cj0228c	CJJ81176_RS01105	100.000	100	209	209	209	431	3.79e-158
Cj0229	CJJ81176_RS01110	98.901	100	182	182	182	367	9.68e-134
Cj0230c	CJJ81176_RS01115	99.125	100	457	457	457	920	0.0
Cj0231c	CJJ81176_RS01120	100.000	100	340	340	340	706	0.0
Cj0232c	CJJ81176_RS01125	98.529	100	136	136	136	263	1.02e-93
Cj0233c	CJJ81176_RS01130	99.010	100	202	202	202	404	1.01e-147
Cj0234c	CJJ81176_RS01135	99.465	100	187	187	187	376	4.22e-137
Cj0235c	CJJ81176_RS01140	100.000	100	123	123	123	239	4.69e-85
Cj0236c	CJJ81176_RS01145	100.000	100	231	231	231	451	2.99e-165
Cj0237	CJJ81176_RS01150	100.000	100	211	211	211	438	8.13e-161
Cj0238	CJJ81176_RS01155	98.884	100	627	627	627	1246	0.0
Cj0239c	CJJ81176_RS01160	100.000	100	323	323	323	668	0.0
Cj0240c	CJJ81176_RS01165	99.491	100	393	393	393	808	0.0
Cj0241c	CJJ81176_RS01170	99.248	100	133	133	133	259	1.91e-92
Cj0243c	CJJ81176_RS01175	98.969	100	388	388	388	762	0.0
Cj0244	CJJ81176_RS01180	98.413	100	63	63	63	121	6.86e-40
Cj0245	CJJ81176_RS01185	100.000	100	117	117	117	226	7.49e-80
Cj0248	CJJ81176_RS01200	98.246	100	285	285	285	570	0.0
Cj0249	CJJ81176_RS01205	99.371	100	159	159	159	327	1.41e-118
Cj0250c	CJJ81176_RS01210	98.853	100	436	436	436	869	0.0
Cj0251c	CJJ81176_RS01215	98.039	100	51	51	51	87.0	1.38e-26
Cj0252	CJJ81176_RS01220	95.541	100	157	157	157	305	1.08e-109
Cj0253	CJJ81176_RS01225	96.552	100	87	87	87	175	1.16e-60
Cj0254	CJJ81176_RS01230	99.741	100	386	386	386	756	0.0
Cj0255c	CJJ81176_RS01235	98.810	100	252	252	252	511	0.0
Cj0256	CJJ81176_RS01240	98.242	100	512	512	512	1027	0.0
Cj0257	CJJ81176_RS01245	97.458	100	118	118	118	226	6.40e-80
Cj0258	CJJ81176_RS01250	97.531	100	81	81	81	154	1.16e-52
Cj0259	CJJ81176_RS01255	98.209	100	335	335	335	679	0.0
Cj0260c	CJJ81176_RS01260	96.552	82	71	73	58	100	1.41e-31
Cj0261c	CJJ81176_RS01265	96.653	100	239	239	239	468	1.66e-171
Cj0262c	CJJ81176_RS01270	100.000	100	665	665	665	1339	0.0
Cj0263	CJJ81176_RS01275	100.000	100	291	291	291	577	0.0
Cj0264c	CJJ81176_RS01280	99.523	100	838	838	838	1733	0.0
Cj0265c	CJJ81176_RS01285	96.335	100	191	191	191	377	2.78e-137
Cj0266c	CJJ81176_RS01290	97.041	100	169	169	169	337	4.24e-122
Cj0267c	CJJ81176_RS01295	99.432	100	176	176	176	349	1.53e-126
Cj0268c	CJJ81176_RS01300	99.724	100	362	362	362	726	0.0
Cj0269c	CJJ81176_RS01305	99.342	100	304	304	304	623	0.0
Cj0270	CJJ81176_RS01310	98.529	100	68	68	68	131	7.10e-44
Cj0271	CJJ81176_RS01315	96.689	100	151	151	151	297	8.25e-107
Cj0272	CJJ81176_RS01320	96.143	100	363	363	363	724	0.0
Cj0273	CJJ81176_RS01325	100.000	100	146	146	146	298	2.71e-107
Cj0274	CJJ81176_RS01330	98.479	100	263	263	263	531	0.0
Cj0275	CJJ81176_RS01335	99.509	98	417	407	407	822	0.0
Cj0276	CJJ81176_RS01340	99.422	100	346	346	346	674	0.0
Cj0277	CJJ81176_RS01345	99.197	100	249	249	249	497	0.0
Cj0279	CJJ81176_RS01350	99.357	100	1089	1089	1089	2225	0.0
Cj0280	CJJ81176_RS01355	100.000	100	140	140	140	286	4.89e-103
Cj0281c	CJJ81176_RS01360	99.077	100	325	325	325	652	0.0
Cj0282c	CJJ81176_RS01365	96.135	100	207	207	207	404	1.77e-147
Cj0283c	CJJ81176_RS01370	100.000	100	173	173	173	348	1.43e-126
Cj0284c	CJJ81176_RS01375	98.700	100	769	769	769	1528	0.0
Cj0285c	CJJ81176_RS01380	99.686	100	318	318	318	640	0.0
Cj0286c	CJJ81176_RS01385	98.049	100	205	205	205	402	8.42e-147
Cj0287c	CJJ81176_RS01390	98.758	100	161	161	161	323	9.95e-117
Cj0288c	CJJ81176_RS01395	97.802	100	364	364	364	717	0.0
Cj0289c	CJJ81176_RS01400	99.200	100	250	250	250	504	0.0
Cj0293	CJJ81176_RS01410	99.612	100	258	258	258	522	0.0
Cj0294	CJJ81176_RS01415	95.392	99	219	217	217	362	1.33e-130
Cj0295	CJJ81176_RS08290	23.457	47	152	176	81	26.9	0.17
Cj0296c	CJJ81176_RS01420	98.413	100	126	126	126	253	2.09e-90
Cj0297c	CJJ81176_RS01425	96.809	100	282	282	282	563	0.0
Cj0298c	CJJ81176_RS01430	98.905	100	274	274	274	550	0.0
Cj0299	CJJ81176_RS03175	25.287	32	257	601	87	26.6	0.85
Cj0300c	CJJ81176_RS01435	79.932	100	294	296	294	473	1.41e-171
Cj0301c	CJJ81176_RS01440	85.520	99	224	222	221	381	8.42e-138
Cj0302c	CJJ81176_RS01445	64.615	98	133	133	130	170	4.62e-57
Cj0303c	CJJ81176_RS01450	79.920	100	249	249	249	405	1.80e-146
Cj0304c	CJJ81176_RS01455	75.877	100	228	228	228	355	3.40e-127
Cj0305c	CJJ81176_RS01460	69.951	100	203	203	203	285	1.26e-100
Cj0306c	CJJ81176_RS01465	75.789	100	380	380	380	568	0.0
Cj0307	CJJ81176_RS01470	97.892	100	427	427	427	866	0.0
Cj0308c	CJJ81176_RS01475	100.000	100	201	201	201	404	1.18e-147
Cj0309c	CJJ81176_RS01480	99.038	100	104	104	104	201	3.02e-70
Cj0310c	CJJ81176_RS01485	100.000	100	112	112	112	214	3.73e-75
Cj0311	CJJ81176_RS01490	99.438	100	178	178	178	347	7.40e-126
Cj0312	CJJ81176_RS01495	99.448	100	181	181	181	355	8.38e-129
Cj0313	CJJ81176_RS01500	98.864	100	352	352	352	691	0.0
Cj0314	CJJ81176_RS01505	98.259	100	402	402	402	807	0.0
Cj0315	CJJ81176_RS01510	97.255	100	255	255	255	501	0.0
Cj0316	CJJ81176_RS01515	98.880	100	357	357	357	728	0.0
Cj0317	CJJ81176_RS01520	96.154	100	364	364	364	712	0.0
Cj0318	CJJ81176_RS01525	99.643	100	560	560	560	1123	0.0
Cj0319	CJJ81176_RS01530	100.000	100	342	342	342	689	0.0
Cj0320	CJJ81176_RS01535	98.188	100	276	276	276	540	0.0
Cj0321	CJJ81176_RS01540	99.512	100	615	615	615	1259	0.0
Cj0322	CJJ81176_RS01545	97.794	100	136	136	136	268	1.08e-95
Cj0323	CJJ81176_RS01550	98.995	100	398	398	398	756	0.0
Cj0324	CJJ81176_RS01555	98.723	100	235	235	235	469	4.50e-172
Cj0325	CJJ81176_RS01560	99.742	100	387	387	387	785	0.0
Cj0326	CJJ81176_RS01565	98.603	100	358	358	358	738	0.0
Cj0327	CJJ81176_RS01570	99.138	100	116	116	116	237	2.73e-84
Cj0328c	CJJ81176_RS01575	100.000	100	324	324	324	660	0.0
Cj0329c	CJJ81176_RS01580	98.780	100	328	328	328	656	0.0
Cj0330c	CJJ81176_RS01585	100.000	100	48	48	48	97.4	6.61e-31
Cj0331c	CJJ81176_RS01590	98.291	100	117	117	117	231	1.18e-81
Cj0332c	CJJ81176_RS01595	99.270	100	137	137	137	275	8.78e-99
Cj0333c	CJJ81176_RS01600	97.872	100	94	94	94	188	1.72e-65
Cj0334	CJJ81176_RS01605	100.000	100	198	198	198	408	2.86e-149
Cj0335	CJJ81176_RS01610	99.167	99	362	368	360	717	0.0
Cj0336c	CJJ81176_RS01615	99.595	100	247	247	247	505	0.0
Cj0337c	CJJ81176_RS01620	99.225	100	258	258	258	525	0.0
Cj0338c	CJJ81176_RS01625	99.772	100	879	879	879	1781	0.0
Cj0339	CJJ81176_RS01630	98.529	15	453	453	68	147	1.37e-40
Cj0340	CJJ81176_RS01635	98.209	100	335	335	335	675	0.0
Cj0341c	CJJ81176_RS01640	99.320	100	147	147	147	276	1.56e-98
Cj0342c	CJJ81176_RS01645	99.150	100	941	941	941	1902	0.0
Cj0343c	CJJ81176_RS01650	100.000	100	261	261	261	496	0.0
Cj0344	CJJ81176_RS01655	100.000	100	41	41	41	75.9	1.50e-22
Cj0345	CJJ81176_RS01660	100.000	100	416	416	416	834	0.0
Cj0346	CJJ81176_RS01665	99.812	100	533	533	533	1085	0.0
Cj0347	CJJ81176_RS01670	98.492	100	199	199	199	385	4.09e-140
Cj0348	CJJ81176_RS01675	100.000	100	392	392	392	798	0.0
Cj0349	CJJ81176_RS01680	99.598	100	249	249	249	499	0.0
Cj0350	CJJ81176_RS01685	100.000	100	140	140	140	283	7.60e-102
Cj0351	CJJ81176_RS01690	100.000	100	102	102	102	202	4.65e-71
Cj0352	CJJ81176_RS01695	99.245	100	265	265	265	528	0.0
Cj0353c	CJJ81176_RS01700	99.794	100	486	486	486	984	0.0
Cj0354c	CJJ81176_RS01705	100.000	100	81	81	81	159	1.90e-54
Cj0355c	CJJ81176_RS01710	100.000	100	223	223	223	454	8.35e-167
Cj0356c	CJJ81176_RS01715	99.048	100	105	105	105	203	2.69e-71
Cj0357c	CJJ81176_RS01720	98.020	100	202	202	202	386	1.35e-140
Cj0358	CJJ81176_RS01725	100.000	100	341	341	341	698	0.0
Cj0360	CJJ81176_RS01730	99.775	100	445	445	445	893	0.0
Cj0361	CJJ81176_RS01735	98.077	100	156	156	156	305	8.33e-110
Cj0362	CJJ81176_RS01740	98.667	100	150	150	150	308	2.89e-111
Cj0363c	CJJ81176_RS01745	98.661	100	448	448	448	897	0.0
Cj0364	CJJ81176_RS01750	100.000	100	83	83	83	164	1.37e-56
Cj0365c	CJJ81176_RS01755	99.797	100	492	492	492	993	0.0
Cj0366c	CJJ81176_RS01760	99.231	100	1040	1040	1040	2098	0.0
Cj0367c	CJJ81176_RS01765	98.365	100	367	367	367	729	0.0
Cj0368c	CJJ81176_RS01770	99.524	100	210	210	210	427	1.34e-156
Cj0369c	CJJ81176_RS01775	99.127	100	458	458	458	931	0.0
Cj0370	CJJ81176_RS01780	100.000	100	70	70	70	141	1.26e-47
Cj0371	CJJ81176_RS01790	100.000	100	201	201	201	396	1.46e-144
Cj0372	CJJ81176_RS01795	99.486	100	389	389	389	792	0.0
Cj0373	CJJ81176_RS01800	99.035	100	311	311	311	625	0.0
Cj0374	CJJ81176_RS01805	96.933	100	163	163	163	303	5.88e-109
Cj0375	CJJ81176_RS01810	96.203	100	158	158	158	308	5.29e-111
Cj0376	CJJ81176_RS01815	97.080	100	274	274	274	540	0.0
Cj0377	CJJ81176_RS01820	99.123	100	570	570	570	1125	0.0
Cj0378c	CJJ81176_RS01825	98.876	99	179	190	178	341	2.41e-123
Cj0379c	CJJ81176_RS01830	98.316	100	297	297	297	604	0.0
Cj0380c	CJJ81176_RS03335	29.070	33	261	1250	86	25.4	2.2
Cj0381c	CJJ81176_RS01835	93.363	81	279	226	226	435	5.47e-158
Cj0382c	CJJ81176_RS01840	99.242	100	132	132	132	260	6.26e-93
Cj0383c	CJJ81176_RS01845	100.000	100	154	154	154	313	5.17e-113
Cj0384c	CJJ81176_RS01850	98.524	100	271	271	271	550	0.0
Cj0385c	CJJ81176_RS01855	98.710	100	310	310	310	605	0.0
Cj0386	CJJ81176_RS01860	99.565	100	460	460	460	929	0.0
Cj0387	CJJ81176_RS01865	97.576	100	165	165	165	318	8.71e-115
Cj0388	CJJ81176_RS01870	97.492	100	319	319	319	645	0.0
Cj0389	CJJ81176_RS01875	99.027	100	411	411	411	836	0.0
Cj0390	CJJ81176_RS01880	99.024	100	820	820	820	1638	0.0
Cj0391c	CJJ81176_RS01885	99.052	100	211	211	211	415	1.20e-151
Cj0392c	CJJ81176_RS01890	99.167	100	480	480	480	966	0.0
Cj0393c	CJJ81176_RS01895	99.777	100	448	448	448	929	0.0
Cj0394c	CJJ81176_RS01900	99.522	100	209	209	209	420	1.28e-153
Cj0395c	CJJ81176_RS01905	97.917	100	96	96	96	189	9.98e-66
Cj0396c	CJJ81176_RS01910	98.795	100	332	332	332	652	0.0
Cj0397c	CJJ81176_RS01915	97.396	100	192	192	192	360	1.79e-130
Cj0398	CJJ81176_RS01920	98.936	100	94	94	94	184	5.60e-64
Cj0399	CJJ81176_RS01925	98.930	100	187	187	187	359	2.41e-130
Cj0400	CJJ81176_RS01930	100.000	100	157	157	157	325	1.24e-117
Cj0401	CJJ81176_RS01935	100.000	100	501	501	501	1017	0.0
Cj0402	CJJ81176_RS01940	99.034	100	414	414	414	851	0.0
Cj0403	CJJ81176_RS01945	100.000	99	181	180	180	374	2.16e-136
Cj0404	CJJ81176_RS01955	96.043	100	278	278	278	514	0.0
Cj0405	CJJ81176_RS01960	97.328	100	262	262	262	520	0.0
Cj0406c	CJJ81176_RS01965	96.656	100	299	299	299	578	0.0
Cj0407	CJJ81176_RS01970	99.262	100	271	271	271	542	0.0
Cj0408	CJJ81176_RS01975	100.000	100	260	260	260	534	0.0
Cj0409	CJJ81176_RS01980	100.000	100	663	663	663	1375	0.0
Cj0410	CJJ81176_RS01985	100.000	100	241	241	241	502	0.0
Cj0411	CJJ81176_RS01990	100.000	100	728	728	728	1406	0.0
Cj0412	CJJ81176_RS01995	100.000	100	609	609	609	1203	0.0
Cj0413	CJJ81176_RS02000	99.573	100	234	234	234	459	1.94e-168
Cj0414	CJJ81176_RS02005	100.000	100	242	242	242	500	0.0
Cj0415	CJJ81176_RS02010	99.825	100	573	573	573	1200	0.0
Cj0416	CJJ81176_RS08415	53.333	47	32	1932	15	20.4	1.8
Cj0417	CJJ81176_RS02020	90.909	92	48	63	44	87.8	6.46e-27
Cj0418c	CJJ81176_RS02025	97.095	100	234	241	241	468	1.15e-171
Cj0419	CJJ81176_RS02030	98.333	100	120	120	120	238	2.56e-84
Cj0420	CJJ81176_RS02035	98.421	100	190	190	190	372	3.39e-135
Cj0421c	CJJ81176_RS02040	94.969	100	318	318	318	593	0.0
Cj0422c	CJJ81176_RS06910	32.692	70	69	603	52	23.1	0.85
Cj0423	CJJ81176_RS05425	29.412	45	75	645	34	23.1	1.1
Cj0424	CJJ81176_RS06400	33.333	20	210	248	42	28.5	0.13
Cj0425	CJJ81176_RS02665	45.833	17	138	91	24	23.5	1.3
Cj0426	CJJ81176_RS02045	99.238	100	525	525	525	1059	0.0
Cj0427	CJJ81176_RS02050	100.000	100	111	111	111	231	6.21e-82
Cj0428	CJJ81176_RS02055	96.063	100	127	127	127	242	5.90e-86
Cj0429c	CJJ81176_RS02060	96.392	100	194	194	194	383	2.34e-139
Cj0430	CJJ81176_RS02065	99.020	100	408	408	408	794	0.0
Cj0431	CJJ81176_RS02070	99.510	100	204	245	204	413	1.73e-150
Cj0432c	CJJ81176_RS02100	98.259	100	402	402	402	811	0.0
Cj0433c	CJJ81176_RS02105	98.584	100	353	353	353	694	0.0
Cj0434	CJJ81176_RS02110	98.577	100	492	492	492	996	0.0
Cj0435	CJJ81176_RS02120	99.190	100	247	247	247	493	0.0
Cj0436	CJJ81176_RS02125	97.794	100	136	136	136	275	1.04e-98
Cj0437	CJJ81176_RS02130	99.018	100	611	611	611	1245	0.0
Cj0438	CJJ81176_RS02135	99.065	100	321	321	321	659	0.0
Cj0439	CJJ81176_RS02140	98.947	100	285	285	285	584	0.0
Cj0440c	CJJ81176_RS02145	99.099	100	222	222	222	449	1.73e-164
Cj0441	CJJ81176_RS02150	100.000	100	77	77	77	143	3.98e-48
Cj0442	CJJ81176_RS02155	99.010	100	404	404	404	812	0.0
Cj0443	CJJ81176_RS02160	99.038	100	312	312	312	629	0.0
Cj0447	CJJ81176_RS02170	100.000	100	198	198	198	402	6.48e-147
Cj0448c	CJJ81176_RS02175	99.178	100	365	365	365	727	0.0
Cj0449c	CJJ81176_RS02180	100.000	100	71	71	71	141	1.53e-47
Cj0450c	CJJ81176_RS02185	100.000	100	64	64	64	129	2.79e-43
Cj0451	CJJ81176_RS02190	97.674	100	215	215	215	424	7.29e-155
Cj0452	CJJ81176_RS02195	98.024	100	253	253	253	505	0.0
Cj0453	CJJ81176_RS02200	99.767	100	430	430	430	889	0.0
Cj0454c	CJJ81176_RS02205	98.837	91	189	172	172	335	7.66e-121
Cj0456c	CJJ81176_RS02215	98.119	100	319	319	319	620	0.0
Cj0457c	CJJ81176_RS02220	98.086	100	209	209	209	422	1.17e-154
Cj0458c	CJJ81176_RS02225	100.000	100	433	433	433	895	0.0
Cj0459c	CJJ81176_RS02230	100.000	91	88	80	80	163	7.37e-56
Cj0460	CJJ81176_RS02235	100.000	100	362	362	362	722	0.0
Cj0461c	CJJ81176_RS02240	99.747	100	395	395	395	786	0.0
Cj0462	CJJ81176_RS02245	99.713	100	348	348	348	724	0.0
Cj0463	CJJ81176_RS02250	100.000	100	406	406	406	806	0.0
Cj0464	CJJ81176_RS02255	98.847	100	607	607	607	1226	0.0
Cj0465c	CJJ81176_RS02260	99.213	100	127	127	127	260	5.43e-93
Cj0466	CJJ81176_RS02265	98.990	100	198	198	198	386	1.72e-140
Cj0467	CJJ81176_RS02270	99.142	100	233	233	233	455	7.84e-167
Cj0468	CJJ81176_RS02275	98.624	100	218	218	218	436	1.53e-159
Cj0469	CJJ81176_RS02280	99.590	96	253	245	244	496	0.0
Cj0470	CJJ81176_RS02305	100.000	100	399	399	399	812	0.0
Cj0471	CJJ81176_RS02310	100.000	100	52	52	52	103	2.39e-33
Cj0472	CJJ81176_RS02320	100.000	100	59	59	59	114	4.38e-37
Cj0473	CJJ81176_RS02325	100.000	100	177	177	177	359	1.16e-130
Cj0474	CJJ81176_RS02330	100.000	100	141	141	141	281	5.36e-101
Cj0475	CJJ81176_RS02335	100.000	100	233	233	233	468	7.45e-172
Cj0476	CJJ81176_RS02340	100.000	100	159	159	159	315	6.98e-114
Cj0477	CJJ81176_RS02345	98.400	100	125	125	125	228	1.76e-80
Cj0478	CJJ81176_RS02350	99.492	100	1378	1378	1378	2802	0.0
Cj0479	CJJ81176_RS02355	99.604	100	1517	1517	1517	3087	0.0
Cj0480c	CJJ81176_RS01890	26.126	38	253	480	111	28.9	0.14
Cj0481	CJJ81176_RS03890	26.515	84	302	298	264	87.8	1.98e-21
Cj0485	CJJ81176_RS02120	30.952	94	262	247	252	94.4	1.85e-24
Cj0486	CJJ81176_RS03120	35.714	13	418	286	56	29.3	0.20
Cj0487	CJJ81176_RS02695	30.000	28	256	265	80	29.3	0.090
Cj0488	CJJ81176_RS00215	47.059	16	105	513	17	22.7	3.3
Cj0491	CJJ81176_RS02360	100.000	100	128	128	128	256	1.52e-91
Cj0492	CJJ81176_RS02365	100.000	100	156	156	156	318	4.71e-115
Cj0493	CJJ81176_RS02370	99.855	100	691	691	691	1419	0.0
Cj0494	CJJ81176_RS02380	91.837	100	49	49	49	89.4	1.45e-27
Cj0495	CJJ81176_RS02385	96.996	100	233	233	233	459	1.56e-168
Cj0496	CJJ81176_RS02390	97.581	100	124	124	124	244	7.88e-87
Cj0497	CJJ81176_RS02395	98.118	100	425	425	425	826	0.0
Cj0498	CJJ81176_RS02400	99.225	100	258	258	258	507	0.0
Cj0499	CJJ81176_RS02405	96.273	100	161	161	161	333	6.29e-121
Cj0500	CJJ81176_RS02410	96.049	99	332	334	329	652	0.0
Cj0503c	CJJ81176_RS02445	97.973	98	303	309	296	592	0.0
Cj0504c	CJJ81176_RS02450	98.264	100	288	288	288	571	0.0
Cj0505c	CJJ81176_RS02455	97.759	100	357	357	357	714	0.0
Cj0506	CJJ81176_RS02460	98.694	100	842	842	842	1714	0.0
Cj0507	CJJ81176_RS02465	100.000	100	183	183	183	370	1.57e-134
Cj0508	CJJ81176_RS02470	99.689	100	643	643	643	1317	0.0
Cj0509c	CJJ81176_RS02475	99.533	100	857	857	857	1697	0.0
Cj0510c	CJJ81176_RS02480	98.958	100	96	96	96	191	7.16e-67
Cj0511	CJJ81176_RS02485	98.649	100	444	444	444	877	0.0
Cj0512	CJJ81176_RS02490	99.576	100	236	236	236	471	4.21e-173
Cj0513	CJJ81176_RS02495	98.765	100	81	81	81	153	4.47e-52
Cj0514	CJJ81176_RS02500	97.209	96	223	215	215	431	1.46e-157
Cj0515	CJJ81176_RS02505	98.995	100	398	398	398	792	0.0
Cj0516	CJJ81176_RS02510	100.000	100	230	230	230	465	7.37e-171
Cj0517	CJJ81176_RS02515	100.000	100	122	122	122	228	1.91e-80
Cj0518	CJJ81176_RS02520	99.671	100	608	608	608	1213	0.0
Cj0519	CJJ81176_RS02525	97.115	99	105	105	104	210	4.72e-74
Cj0520	CJJ81176_RS02530	95.833	100	144	144	144	240	1.87e-84
Cj0525c	CJJ81176_RS02540	99.668	100	602	602	602	1219	0.0
Cj0526c	CJJ81176_RS02545	98.980	100	98	98	98	194	1.07e-67
Cj0527c	CJJ81176_RS02550	98.780	100	164	164	164	331	6.15e-120
Cj0528c	CJJ81176_RS02555	99.301	100	143	143	143	290	2.46e-104
Cj0529c	CJJ81176_RS02560	99.099	100	333	333	333	674	0.0
Cj0530	CJJ81176_RS02565	98.364	100	856	856	856	1646	0.0
Cj0531	CJJ81176_RS02570	99.183	100	734	734	734	1491	0.0
Cj0532	CJJ81176_RS02575	99.000	100	300	300	300	598	0.0
Cj0533	CJJ81176_RS02580	98.450	100	387	387	387	766	0.0
Cj0534	CJJ81176_RS02585	99.654	100	289	289	289	572	0.0
Cj0535	CJJ81176_RS02590	99.029	100	103	103	103	212	1.33e-74
Cj0536	CJJ81176_RS02595	97.059	100	374	374	374	749	0.0
Cj0537	CJJ81176_RS02600	98.932	100	281	281	281	585	0.0
Cj0538	CJJ81176_RS02605	99.459	100	185	185	185	375	8.52e-137
Cj0539	CJJ81176_RS02610	100.000	100	87	87	87	171	8.63e-59
Cj0540	CJJ81176_RS02615	100.000	100	178	178	178	366	3.10e-133
Cj0541	CJJ81176_RS02620	100.000	100	297	297	297	588	0.0
Cj0542	CJJ81176_RS02625	99.537	100	432	432	432	873	0.0
Cj0543	CJJ81176_RS02630	98.946	100	569	569	569	1148	0.0
Cj0544	CJJ81176_RS02635	98.450	100	129	129	129	246	1.68e-87
Cj0545	CJJ81176_RS02640	99.674	100	307	307	307	611	0.0
Cj0546	CJJ81176_RS02645	98.833	100	600	600	600	1209	0.0
Cj0547	CJJ81176_RS02650	100.000	100	121	121	121	244	4.59e-87
Cj0548	CJJ81176_RS02655	94.548	100	642	642	642	1209	0.0
Cj0549	CJJ81176_RS02660	99.219	100	128	128	128	257	1.15e-91
Cj0550	CJJ81176_RS02665	100.000	100	91	91	91	176	1.02e-60
Cj0551	CJJ81176_RS02670	100.000	100	189	189	189	388	1.12e-141
Cj0552	CJJ81176_RS02675	100.000	100	230	230	230	461	4.04e-169
Cj0553	CJJ81176_RS02680	99.369	100	317	317	317	623	0.0
Cj0554	CJJ81176_RS02685	99.701	100	334	334	334	678	0.0
Cj0555	CJJ81176_RS02690	99.302	100	430	430	430	826	0.0
Cj0556	CJJ81176_RS02695	99.623	100	265	265	265	535	0.0
Cj0557c	CJJ81176_RS02700	98.892	100	361	361	361	713	0.0
Cj0558c	CJJ81176_RS02705	99.756	100	410	410	410	830	0.0
Cj0559	CJJ81176_RS02710	99.678	100	311	311	311	621	0.0
Cj0560	CJJ81176_RS02715	99.548	100	442	442	442	853	0.0
Cj0561c	CJJ81176_RS02720	99.353	100	309	309	309	612	0.0
Cj0562	CJJ81176_RS02725	99.782	100	458	458	458	937	0.0
Cj0563	CJJ81176_RS02730	97.500	100	200	200	200	401	1.84e-146
Cj0564	CJJ81176_RS02735	95.588	100	68	68	68	123	1.58e-40
Cj0566	CJJ81176_RS01335	25.000	28	488	407	136	28.5	0.50
Cj0567	CJJ81176_RS08745	45.714	95	37	373	35	21.2	1.1
Cj0570	CJJ81176_RS02765	98.462	18	355	356	65	132	8.39e-37
Cj0571	CJJ81176_RS02770	82.609	8	290	290	23	38.1	1.82e-04
Cj0572	CJJ81176_RS02785	99.410	100	339	339	339	690	0.0
Cj0573	CJJ81176_RS02790	98.639	100	147	147	147	278	1.90e-99
Cj0574	CJJ81176_RS02795	98.940	100	566	566	566	1163	0.0
Cj0575	CJJ81176_RS02800	100.000	100	154	154	154	308	3.14e-111
Cj0576	CJJ81176_RS02805	99.688	100	321	321	321	653	0.0
Cj0577c	CJJ81176_RS02810	96.491	100	342	342	342	684	0.0
Cj0578c	CJJ81176_RS02815	99.592	100	245	245	245	482	5.97e-177
Cj0579c	CJJ81176_RS02820	97.037	98	138	135	135	251	3.44e-89
Cj0580c	CJJ81176_RS02825	98.310	100	355	355	355	708	0.0
Cj0581	CJJ81176_RS02830	98.718	100	156	156	156	318	3.82e-115
Cj0582	CJJ81176_RS02835	99.250	100	400	400	400	800	0.0
Cj0583	CJJ81176_RS02840	98.876	100	178	178	178	354	1.47e-128
Cj0584	CJJ81176_RS02845	99.497	100	199	199	199	385	4.71e-140
Cj0585	CJJ81176_RS02850	99.474	100	380	380	380	768	0.0
Cj0586	CJJ81176_RS02855	98.300	100	647	647	647	1291	0.0
Cj0587	CJJ81176_RS02860	96.407	100	334	334	334	615	0.0
Cj0588	CJJ81176_RS02865	95.652	100	253	253	253	478	3.35e-175
Cj0589	CJJ81176_RS02870	96.831	100	284	284	284	546	0.0
Cj0590	CJJ81176_RS02875	98.729	100	236	236	236	468	1.09e-171
Cj0591c	CJJ81176_RS02880	98.630	100	73	73	73	155	3.78e-53
Cj0592c	CJJ81176_RS02885	95.833	100	144	146	144	271	4.93e-97
Cj0593c	CJJ81176_RS02890	100.000	100	210	210	210	415	1.67e-151
Cj0594c	CJJ81176_RS02895	95.833	100	216	216	216	424	7.13e-155
Cj0595c	CJJ81176_RS02900	98.558	100	208	208	208	421	5.31e-154
Cj0596	CJJ81176_RS02905	98.901	100	273	273	273	540	0.0
Cj0597	CJJ81176_RS02910	99.718	100	354	354	354	724	0.0
Cj0598	CJJ81176_RS02915	99.167	100	480	480	480	965	0.0
Cj0599	CJJ81176_RS02920	99.369	100	317	317	317	616	0.0
Cj0600	CJJ81176_RS02925	99.313	100	291	291	291	588	0.0
Cj0601c	CJJ81176_RS02930	100.000	100	447	447	447	884	0.0
Cj0602c	CJJ81176_RS02935	96.396	100	222	222	222	441	2.39e-161
Cj0603c	CJJ81176_RS02940	99.118	100	567	567	567	1111	0.0
Cj0604	CJJ81176_RS02945	99.367	54	293	294	158	332	3.77e-116
Cj0605	CJJ81176_RS02950	98.232	100	396	396	396	808	0.0
Cj0606	CJJ81176_RS02955	98.462	100	390	390	390	765	0.0
Cj0607	CJJ81176_RS02960	98.908	100	641	641	641	1271	0.0
Cj0608	CJJ81176_RS02965	96.930	100	456	456	456	866	0.0
Cj0609c	CJJ81176_RS02970	99.490	100	392	392	392	781	0.0
Cj0610c	CJJ81176_RS02975	100.000	100	336	336	336	677	0.0
Cj0611c	CJJ81176_RS02980	100.000	100	458	458	458	907	0.0
Cj0612c	CJJ81176_RS02985	100.000	100	167	167	167	342	3.05e-124
Cj0613	CJJ81176_RS02990	100.000	100	331	331	331	668	0.0
Cj0614	CJJ81176_RS02995	100.000	100	304	304	304	598	0.0
Cj0615	CJJ81176_RS03000	98.619	100	362	362	362	721	0.0
Cj0616	CJJ81176_RS03005	99.593	100	246	246	246	501	0.0
Cj0619	CJJ81176_RS03015	99.543	100	438	438	438	873	0.0
Cj0620	CJJ81176_RS03020	97.674	100	215	215	215	426	5.29e-156
Cj0621	CJJ81176_RS03025	98.419	100	506	506	506	994	0.0
Cj0622	CJJ81176_RS03030	97.527	99	729	728	728	1440	0.0
Cj0623	CJJ81176_RS03035	97.976	100	247	247	247	497	0.0
Cj0624	CJJ81176_RS03040	100.000	100	93	93	93	186	9.92e-65
Cj0625	CJJ81176_RS03045	99.448	99	363	363	362	739	0.0
Cj0626	CJJ81176_RS03050	99.383	100	324	324	324	629	0.0
Cj0627	CJJ81176_RS03055	97.368	100	114	114	114	223	1.34e-78
Cj0628	CJJ81176_RS08530	26.250	14	1144	323	160	31.2	0.17
Cj0630c	CJJ81176_RS03065	96.562	99	321	322	320	604	0.0
Cj0631c	CJJ81176_RS03070	97.981	100	644	644	644	1281	0.0
Cj0632	CJJ81176_RS03075	97.941	100	340	340	340	689	0.0
Cj0633	CJJ81176_RS03080	97.778	100	360	360	360	699	0.0
Cj0634	CJJ81176_RS03085	98.828	99	257	257	256	512	0.0
Cj0635	CJJ81176_RS03090	98.425	100	127	127	127	251	1.60e-89
Cj0636	CJJ81176_RS03095	99.642	100	279	279	279	558	0.0
Cj0637c	CJJ81176_RS03100	98.182	100	165	165	165	332	3.47e-120
Cj0638c	CJJ81176_RS03105	98.256	100	172	172	172	338	1.37e-122
Cj0639c	CJJ81176_RS03110	98.958	100	192	192	192	385	1.86e-140
Cj0640c	CJJ81176_RS03115	98.799	100	583	583	583	1188	0.0
Cj0641	CJJ81176_RS03120	97.902	100	286	286	286	574	0.0
Cj0642	CJJ81176_RS03125	98.422	100	507	507	507	963	0.0
Cj0643	CJJ81176_RS03130	99.517	100	414	414	414	824	0.0
Cj0644	CJJ81176_RS03135	99.631	100	271	271	271	549	0.0
Cj0645	CJJ81176_RS03140	99.731	100	372	372	372	761	0.0
Cj0646	CJJ81176_RS03145	100.000	100	275	275	275	560	0.0
Cj0647	CJJ81176_RS03150	99.383	100	162	162	162	321	7.16e-116
Cj0648	CJJ81176_RS03155	100.000	100	171	171	171	339	7.01e-123
Cj0649	CJJ81176_RS03160	100.000	100	153	153	153	309	1.57e-111
Cj0650	CJJ81176_RS03165	98.485	100	198	198	198	387	4.36e-141
Cj0651	CJJ81176_RS03170	98.780	100	164	164	164	318	7.99e-115
Cj0652	CJJ81176_RS03175	99.002	100	601	601	601	1225	0.0
Cj0653c	CJJ81176_RS03180	98.826	100	596	596	596	1204	0.0
Cj0659c	CJJ81176_RS03200	98.901	100	182	182	182	344	1.43e-124
Cj0660c	CJJ81176_RS03205	98.370	100	368	368	368	704	0.0
Cj0661c	CJJ81176_RS03210	98.625	100	291	291	291	580	0.0
Cj0662c	CJJ81176_RS03215	99.772	100	439	439	439	870	0.0
Cj0663c	CJJ81176_RS03220	98.889	100	180	180	180	360	4.33e-131
Cj0664c	CJJ81176_RS03225	97.279	100	147	147	147	281	1.36e-100
Cj0665c	CJJ81176_RS03230	99.754	100	406	406	406	835	0.0
Cj0667	CJJ81176_RS03235	97.531	100	81	81	81	160	7.40e-55
Cj0668	CJJ81176_RS03240	98.519	100	135	135	135	273	9.03e-98
Cj0669	CJJ81176_RS03245	100.000	100	242	242	242	482	3.44e-177
Cj0670	CJJ81176_RS03250	99.279	100	416	416	416	838	0.0
Cj0671	CJJ81176_RS03255	99.367	100	474	474	474	943	0.0
Cj0672	CJJ81176_RS08940	88.235	55	62	62	34	47.8	9.33e-11
Cj0677	CJJ81176_RS03270	98.091	100	681	681	681	1340	0.0
Cj0680c	CJJ81176_RS03285	99.543	100	657	657	657	1338	0.0
Cj0681	CJJ81176_RS03290	100.000	100	76	76	76	148	4.15e-50
Cj0682	CJJ81176_RS03295	100.000	100	80	80	80	157	1.00e-53
Cj0683	CJJ81176_RS03300	99.310	100	145	145	145	290	1.99e-104
Cj0684	CJJ81176_RS03305	98.379	100	617	617	617	1243	0.0
Cj0685c	CJJ81176_RS03310	99.302	96	450	464	430	870	0.0
Cj0686	CJJ81176_RS03315	99.720	100	357	357	357	724	0.0
Cj0687c	CJJ81176_RS03320	99.569	100	232	232	232	470	1.36e-172
Cj0688	CJJ81176_RS03325	97.405	100	501	501	501	1005	0.0
Cj0689	CJJ81176_RS03330	97.475	100	396	396	396	796	0.0
Cj0690c	CJJ81176_RS03335	96.880	100	1250	1250	1250	2414	0.0
Cj0691	CJJ81176_RS03340	100.000	100	163	163	163	329	3.37e-119
Cj0692c	CJJ81176_RS03345	100.000	100	312	312	312	607	0.0
Cj0693c	CJJ81176_RS03350	98.718	100	312	312	312	626	0.0
Cj0694	CJJ81176_RS03355	98.589	100	496	496	496	982	0.0
Cj0695	CJJ81176_RS03360	99.567	100	462	462	462	942	0.0
Cj0696	CJJ81176_RS03365	100.000	100	370	370	370	737	0.0
Cj0697	CJJ81176_RS03370	98.519	100	270	270	270	540	0.0
Cj0698	CJJ81176_RS03375	100.000	100	263	263	263	532	0.0
Cj0699c	CJJ81176_RS03380	99.580	100	476	476	476	998	0.0
Cj0700	CJJ81176_RS03385	99.567	100	231	231	231	464	1.44e-170
Cj0701	CJJ81176_RS03390	98.801	100	417	417	417	849	0.0
Cj0702	CJJ81176_RS03395	98.780	100	164	164	164	324	2.97e-117
Cj0703	CJJ81176_RS03400	100.000	100	178	178	178	362	1.61e-131
Cj0704	CJJ81176_RS03405	100.000	100	287	287	287	600	0.0
Cj0705	CJJ81176_RS03410	97.510	100	241	241	241	477	4.20e-175
Cj0706	CJJ81176_RS03415	97.059	100	238	238	238	456	6.72e-167
Cj0707	CJJ81176_RS03420	96.104	100	385	385	385	741	0.0
Cj0708	CJJ81176_RS03425	95.200	100	250	250	250	481	1.32e-176
Cj0709	CJJ81176_RS03430	98.876	100	445	445	445	877	0.0
Cj0710	CJJ81176_RS03435	100.000	100	75	75	75	151	1.40e-51
Cj0711	CJJ81176_RS03440	100.000	100	80	80	80	162	8.46e-56
Cj0712	CJJ81176_RS03445	98.324	100	179	179	179	353	4.75e-128
Cj0713	CJJ81176_RS03450	100.000	100	234	234	234	475	1.56e-174
Cj0714	CJJ81176_RS03455	99.153	100	118	118	118	232	3.22e-82
Cj0715	CJJ81176_RS03460	100.000	100	137	137	137	281	3.96e-101
Cj0716	CJJ81176_RS03465	98.655	100	446	446	446	917	0.0
Cj0717	CJJ81176_RS03470	100.000	100	109	109	109	216	4.15e-76
Cj0718	CJJ81176_RS03475	99.583	100	1200	1200	1200	2454	0.0
Cj0719c	CJJ81176_RS03480	99.524	100	210	210	210	422	1.70e-154
Cj0720c	CJJ81176_RS03485	98.795	100	249	249	249	477	5.79e-175
Cj0721c	CJJ81176_RS03490	99.359	100	156	156	156	295	7.12e-106
Cj0722c	CJJ81176_RS03495	97.786	100	271	271	271	532	0.0
Cj0723c	CJJ81176_RS03500	99.241	100	395	395	395	782	0.0
Cj0724	CJJ81176_RS03505	100.000	100	61	61	61	118	1.04e-38
Cj0725c	CJJ81176_RS03510	100.000	100	180	180	180	364	2.44e-132
Cj0726c	CJJ81176_RS03515	99.083	100	327	327	327	653	0.0
Cj0727	CJJ81176_RS03520	98.563	100	348	348	348	691	0.0
Cj0728	CJJ81176_RS03525	98.866	100	441	441	441	877	0.0
Cj0729	CJJ81176_RS03530	98.885	100	269	269	269	547	0.0
Cj0730	CJJ81176_RS03535	98.925	100	279	279	279	528	0.0
Cj0731	CJJ81176_RS03540	98.842	100	259	259	259	504	0.0
Cj0732	CJJ81176_RS03545	99.088	100	329	329	329	652	0.0
Cj0733	CJJ81176_RS03550	99.528	100	212	212	212	418	8.90e-153
Cj0734c	CJJ81176_RS03555	99.203	100	251	251	251	497	0.0
Cj0735	CJJ81176_RS03560	98.020	85	239	240	202	399	1.67e-144
Cj0736	CJJ81176_RS03565	98.287	100	642	642	642	1242	0.0
Cj0747	CJJ81176_RS06520	47.619	60	35	73	21	21.2	0.79
Cj0748	CJJ81176_RS01235	50.000	53	30	252	16	19.6	2.5
Cj0753c	CJJ81176_RS07825	40.773	99	227	227	233	148	6.38e-46
Cj0755	CJJ81176_RS02165	34.401	99	696	684	718	358	1.86e-115
Cj0757	CJJ81176_RS03620	93.156	99	264	263	263	499	0.0
Cj0758	CJJ81176_RS03625	97.159	100	176	176	176	343	2.40e-124
Cj0759	CJJ81176_RS03630	99.679	100	623	623	623	1239	0.0
Cj0760	CJJ81176_RS03660	95.522	99	340	343	335	660	0.0
Cj0761	CJJ81176_RS03665	96.460	100	113	113	113	217	1.94e-76
Cj0762c	CJJ81176_RS03670	98.715	100	389	389	389	788	0.0
Cj0763c	CJJ81176_RS03675	98.585	100	212	212	212	427	2.96e-156
Cj0764c	CJJ81176_RS03680	99.345	100	611	611	611	1227	0.0
Cj0765c	CJJ81176_RS03685	90.931	100	408	408	408	736	0.0
Cj0766c	CJJ81176_RS03690	98.958	100	192	192	192	378	1.32e-137
Cj0767c	CJJ81176_RS03695	100.000	100	158	158	158	325	8.63e-118
Cj0768c	CJJ81176_RS03700	97.861	100	187	187	187	372	1.59e-135
Cj0769c	CJJ81176_RS03705	99.545	100	220	220	220	433	1.76e-158
Cj0770c	CJJ81176_RS03710	98.837	100	258	258	258	505	0.0
Cj0771c	CJJ81176_RS03715	99.609	100	256	256	256	501	0.0
Cj0772c	CJJ81176_RS03720	98.833	100	257	257	257	502	0.0
Cj0773c	CJJ81176_RS03725	98.350	100	303	303	303	577	0.0
Cj0774c	CJJ81176_RS03730	99.405	100	336	336	336	677	0.0
Cj0775c	CJJ81176_RS03735	98.966	100	870	870	870	1777	0.0
Cj0776c	CJJ81176_RS03740	97.059	100	340	339	340	652	0.0
Cj0777	CJJ81176_RS03745	99.556	100	676	676	676	1368	0.0
Cj0778	CJJ81176_RS03750	98.780	100	245	246	246	476	9.62e-175
Cj0779	CJJ81176_RS03755	99.429	100	175	175	175	348	3.88e-126
Cj0780	CJJ81176_RS03760	99.567	100	924	923	924	1917	0.0
Cj0781	CJJ81176_RS03765	98.780	100	246	246	246	497	0.0
Cj0782	CJJ81176_RS03770	99.231	100	260	260	260	518	0.0
Cj0783	CJJ81176_RS03775	99.425	100	174	174	174	361	1.80e-131
Cj0784	CJJ81176_RS03780	98.684	100	304	304	304	595	0.0
Cj0785	CJJ81176_RS03785	100.000	100	112	112	112	218	1.36e-76
Cj0786	CJJ81176_RS03790	100.000	100	57	57	57	108	5.61e-35
Cj0787	CJJ81176_RS03795	98.780	100	82	82	82	167	2.07e-57
Cj0788	CJJ81176_RS03800	99.387	100	163	163	163	310	9.69e-112
Cj0789	CJJ81176_RS03805	98.387	100	372	372	372	729	0.0
Cj0790	CJJ81176_RS03810	99.270	100	274	274	274	555	0.0
Cj0791c	CJJ81176_RS03815	99.528	100	424	424	424	855	0.0
Cj0792	CJJ81176_RS03820	99.658	100	292	292	292	562	0.0
Cj0793	CJJ81176_RS03825	99.705	100	339	339	339	674	0.0
Cj0794	CJJ81176_RS03830	95.620	96	426	424	411	801	0.0
Cj0795c	CJJ81176_RS03835	98.105	100	475	475	475	936	0.0
Cj0796c	CJJ81176_RS03840	95.816	100	239	239	239	468	1.54e-171
Cj0797c	CJJ81176_RS03845	100.000	100	71	71	71	141	1.11e-47
Cj0798c	CJJ81176_RS03850	98.266	100	346	346	346	676	0.0
Cj0799c	CJJ81176_RS03855	99.454	100	183	183	183	361	2.82e-131
Cj0800c	CJJ81176_RS03860	98.223	100	619	619	619	1209	0.0
Cj0801	CJJ81176_RS03865	99.793	100	483	483	483	929	0.0
Cj0802	CJJ81176_RS03870	98.918	100	462	462	462	931	0.0
Cj0803	CJJ81176_RS03875	98.966	100	580	580	580	1164	0.0
Cj0804	CJJ81176_RS03880	98.295	100	352	352	352	694	0.0
Cj0805	CJJ81176_RS03885	99.279	100	416	416	416	841	0.0
Cj0806	CJJ81176_RS03890	99.664	100	298	298	298	608	0.0
Cj0807	CJJ81176_RS03895	99.614	100	259	259	259	527	0.0
Cj0808c	CJJ81176_RS03900	99.010	100	101	101	101	196	1.57e-68
Cj0809c	CJJ81176_RS03905	99.495	100	198	198	198	411	1.63e-150
Cj0810	CJJ81176_RS03910	99.593	100	246	246	246	497	0.0
Cj0811	CJJ81176_RS03915	98.052	100	308	308	308	609	0.0
Cj0812	CJJ81176_RS03920	100.000	100	470	470	470	952	0.0
Cj0813	CJJ81176_RS03925	99.582	100	239	239	239	480	2.35e-176
Cj0817	CJJ81176_RS03935	91.016	100	256	256	256	470	5.44e-172
Cj0818	CJJ81176_RS04695	56.522	31	75	396	23	24.3	0.39
Cj0819	CJJ81176_RS05020	30.909	72	74	1005	55	22.7	1.4
Cj0820c	CJJ81176_RS03940	99.590	100	244	244	244	475	3.42e-174
Cj0821	CJJ81176_RS03945	99.068	100	429	429	429	868	0.0
Cj0822	CJJ81176_RS03950	98.698	100	384	384	384	763	0.0
Cj0823	CJJ81176_RS03955	99.024	100	205	205	205	409	1.24e-149
Cj0824	CJJ81176_RS03960	100.000	100	222	222	222	450	3.76e-165
Cj0825	CJJ81176_RS03965	97.287	100	258	258	258	477	1.90e-174
Cj0826	CJJ81176_RS03970	99.707	100	341	341	341	682	0.0
Cj0827	CJJ81176_RS03975	97.095	100	241	241	241	478	1.06e-175
Cj0828c	CJJ81176_RS03980	98.511	100	403	403	403	804	0.0
Cj0829c	CJJ81176_RS03985	96.350	100	137	137	137	263	9.28e-94
Cj0830	CJJ81176_RS03990	99.275	100	138	138	138	261	7.62e-93
Cj0831c	CJJ81176_RS03995	97.759	100	357	357	357	707	0.0
Cj0832c	CJJ81176_RS04000	98.267	100	577	577	577	1132	0.0
Cj0833c	CJJ81176_RS04005	97.992	100	249	249	249	503	0.0
Cj0834c	CJJ81176_RS04010	97.330	100	412	408	412	800	0.0
Cj0835c	CJJ81176_RS04015	98.821	100	848	848	848	1728	0.0
Cj0836	CJJ81176_RS04020	96.667	100	150	150	150	302	7.88e-109
Cj0837c	CJJ81176_RS04025	97.764	100	313	313	313	600	0.0
Cj0838c	CJJ81176_RS04030	97.293	100	628	628	628	1266	0.0
Cj0839c	CJJ81176_RS04035	95.385	100	65	65	65	130	2.38e-43
Cj0840c	CJJ81176_RS04040	98.571	100	280	280	280	566	0.0
Cj0841c	CJJ81176_RS04045	96.933	100	163	163	163	327	2.43e-118
Cj0842	CJJ81176_RS04050	100.000	100	161	161	161	324	2.75e-117
Cj0843c	CJJ81176_RS04055	99.630	100	541	541	541	1090	0.0
Cj0844c	CJJ81176_RS04060	100.000	100	93	93	93	176	1.13e-60
Cj0845c	CJJ81176_RS04065	98.376	100	431	431	431	870	0.0
Cj0846	CJJ81176_RS04070	96.524	100	374	374	374	724	0.0
Cj0847	CJJ81176_RS04075	96.992	100	266	266	266	532	0.0
Cj0848c	CJJ81176_RS04080	100.000	100	93	93	93	184	5.21e-64
Cj0849c	CJJ81176_RS04085	94.927	100	719	749	749	1363	0.0
Cj0850c	CJJ81176_RS04090	98.228	100	395	395	395	759	0.0
Cj0851c	CJJ81176_RS04095	97.605	100	167	167	167	313	1.61e-112
Cj0852c	CJJ81176_RS04100	100.000	100	109	109	109	218	6.01e-77
Cj0853c	CJJ81176_RS04105	99.528	100	424	424	424	865	0.0
Cj0854c	CJJ81176_RS04110	100.000	100	115	115	115	235	2.07e-83
Cj0855	CJJ81176_RS04115	99.645	100	282	282	282	563	0.0
Cj0856	CJJ81176_RS04120	100.000	100	282	282	282	578	0.0
Cj0857c	CJJ81176_RS04125	99.741	100	386	386	386	767	0.0
Cj0858c	CJJ81176_RS04130	100.000	100	418	418	418	843	0.0
Cj0859c	CJJ81176_RS04135	100.000	100	142	142	142	260	1.10e-92
Cj0860	CJJ81176_RS04140	99.655	100	290	290	290	561	0.0
Cj0861c	CJJ81176_RS04145	97.872	100	188	188	188	365	1.24e-132
Cj0862c	CJJ81176_RS04150	98.990	100	594	594	594	1183	0.0
Cj0863c	CJJ81176_RS04155	99.153	100	354	354	354	705	0.0
Cj0864	CJJ81176_RS04160	92.941	100	119	220	85	150	1.55e-48
Cj0864	CJJ81176_RS04160	100.000	100	119	220	43	88.6	3.29e-24
Cj0865	CJJ81176_RS04165	94.424	100	266	269	269	520	0.0
Cj0872	CJJ81176_RS04175	98.122	100	213	213	213	425	1.77e-155
Cj0877c	CJJ81176_RS06040	40.000	83	30	399	25	20.0	2.3
Cj0878	CJJ81176_RS09100	93.023	90	48	46	43	84.7	8.44e-26
Cj0879c	CJJ81176_RS04200	99.048	100	210	210	210	413	6.29e-151
Cj0880c	CJJ81176_RS04205	98.750	100	80	80	80	152	1.44e-51
Cj0881c	CJJ81176_RS04210	98.563	100	348	348	348	688	0.0
Cj0882c	CJJ81176_RS04215	99.862	100	724	724	724	1445	0.0
Cj0883c	CJJ81176_RS04220	100.000	100	136	136	136	272	1.56e-97
Cj0884	CJJ81176_RS04225	100.000	100	90	90	90	177	2.73e-61
Cj0886c	CJJ81176_RS04230	97.040	100	946	946	946	1845	0.0
Cj0887c	CJJ81176_RS04235	99.200	100	750	750	750	1511	0.0
Cj0888c	CJJ81176_RS04250	97.978	100	643	643	643	1259	0.0
Cj0889c	CJJ81176_RS04255	97.436	100	429	429	429	810	0.0
Cj0890c	CJJ81176_RS04260	98.636	100	220	220	220	432	2.70e-158
Cj0891c	CJJ81176_RS04265	99.431	100	527	527	527	1065	0.0
Cj0892c	CJJ81176_RS04270	99.383	100	162	162	162	324	4.36e-117
Cj0893c	CJJ81176_RS04275	98.921	100	556	556	556	1082	0.0
Cj0894c	CJJ81176_RS04280	99.278	100	277	277	277	560	0.0
Cj0895c	CJJ81176_RS04285	99.766	100	428	428	428	860	0.0
Cj0896c	CJJ81176_RS04290	98.706	100	773	773	773	1515	0.0
Cj0897c	CJJ81176_RS04295	100.000	100	330	330	330	682	0.0
Cj0898	CJJ81176_RS04300	99.174	100	121	121	121	244	4.54e-87
Cj0899c	CJJ81176_RS04305	98.942	100	189	189	189	368	9.13e-134
Cj0900c	CJJ81176_RS04310	98.305	100	59	59	59	111	4.65e-36
Cj0901	CJJ81176_RS04315	99.595	100	247	247	247	488	2.34e-179
Cj0902	CJJ81176_RS04320	98.760	100	242	242	242	481	9.76e-177
Cj0903c	CJJ81176_RS04325	99.180	100	488	488	488	976	0.0
Cj0904c	CJJ81176_RS04330	97.419	100	155	155	155	315	4.67e-114
Cj0905c	CJJ81176_RS04335	97.256	100	328	328	328	658	0.0
Cj0906c	CJJ81176_RS04340	98.769	100	325	325	325	654	0.0
Cj0908	CJJ81176_RS04345	97.436	100	156	156	156	306	1.70e-110
Cj0909	CJJ81176_RS04350	98.561	100	139	139	139	271	3.38e-97
Cj0910	CJJ81176_RS04355	96.000	100	150	150	150	292	6.38e-105
Cj0911	CJJ81176_RS04360	98.925	100	186	186	186	373	1.05e-135
Cj0912c	CJJ81176_RS04365	100.000	9	299	299	28	64.3	3.37e-13
Cj0913c	CJJ81176_RS04370	100.000	100	98	98	98	187	4.55e-65
Cj0914c	CJJ81176_RS04375	99.344	100	610	610	610	1222	0.0
Cj0915	CJJ81176_RS04380	99.270	100	137	137	137	278	8.38e-100
Cj0916c	CJJ81176_RS04385	100.000	100	65	65	65	133	1.15e-44
Cj0917c	CJJ81176_RS04390	99.004	100	703	703	703	1402	0.0
Cj0918c	CJJ81176_RS04395	99.676	100	309	309	309	622	0.0
Cj0919c	CJJ81176_RS04400	100.000	100	219	219	219	438	1.70e-160
Cj0920c	CJJ81176_RS04405	100.000	100	250	250	250	507	0.0
Cj0921c	CJJ81176_RS04410	99.614	100	259	259	259	511	0.0
Cj0922c	CJJ81176_RS04415	99.587	100	242	242	242	497	0.0
Cj0923c	CJJ81176_RS04420	99.618	100	262	262	262	524	0.0
Cj0924c	CJJ81176_RS04425	99.457	100	184	184	184	375	1.06e-136
Cj0925	CJJ81176_RS04430	98.621	100	145	145	145	290	1.86e-104
Cj0926	CJJ81176_RS04435	100.000	100	110	110	110	214	2.47e-75
Cj0927	CJJ81176_RS04440	98.901	100	182	182	182	366	2.63e-133
Cj0928	CJJ81176_RS04445	99.495	100	198	198	198	391	1.69e-142
Cj0929	CJJ81176_RS04450	97.723	100	483	483	483	957	0.0
Cj0930	CJJ81176_RS04455	99.455	100	367	367	367	736	0.0
Cj0931c	CJJ81176_RS04460	97.826	100	460	460	460	924	0.0
Cj0932c	CJJ81176_RS04465	98.282	100	524	524	524	1075	0.0
Cj0933c	CJJ81176_RS04470	97.663	100	599	599	599	1206	0.0
Cj0934c	CJJ81176_RS04475	99.103	100	446	446	446	860	0.0
Cj0935c	CJJ81176_RS04480	98.649	100	444	444	444	847	0.0
Cj0936	CJJ81176_RS04485	99.107	100	112	112	112	211	4.56e-74
Cj0937	CJJ81176_RS04530	98.680	100	303	303	303	575	0.0
Cj0938c	CJJ81176_RS04535	97.778	100	1170	1170	1170	2307	0.0
Cj0939c	CJJ81176_RS04540	100.000	100	126	126	126	243	4.40e-86
Cj0940c	CJJ81176_RS04580	98.467	100	261	261	261	503	0.0
Cj0941c	CJJ81176_RS04585	98.254	100	401	401	401	790	0.0
Cj0942c	CJJ81176_RS04590	98.840	100	862	862	862	1747	0.0
Cj0943	CJJ81176_RS04595	99.408	100	169	169	169	330	1.66e-119
Cj0944c	CJJ81176_RS04600	97.541	100	244	244	244	464	4.09e-170
Cj0945c	CJJ81176_RS04605	99.553	100	447	447	447	897	0.0
Cj0946	CJJ81176_RS04610	98.214	100	448	448	448	890	0.0
Cj0947c	CJJ81176_RS04615	100.000	100	290	290	290	600	0.0
Cj0948c	CJJ81176_RS04620	100.000	100	295	295	295	595	0.0
Cj0949c	CJJ81176_RS04625	100.000	100	325	325	325	666	0.0
Cj0950c	CJJ81176_RS04630	100.000	100	144	144	144	295	3.83e-106
Cj0953c	CJJ81176_RS04640	100.000	100	510	510	510	1033	0.0
Cj0954c	CJJ81176_RS04645	100.000	100	256	256	256	509	0.0
Cj0955c	CJJ81176_RS04650	99.863	100	728	728	728	1488	0.0
Cj0956c	CJJ81176_RS04655	99.774	100	442	442	442	882	0.0
Cj0957c	CJJ81176_RS04660	100.000	100	272	272	272	551	0.0
Cj0958c	CJJ81176_RS04665	99.053	100	528	528	528	1080	0.0
Cj0959c	CJJ81176_RS04670	99.115	100	113	113	113	220	1.12e-77
Cj0960c	CJJ81176_RS04675	99.074	100	108	108	108	214	2.87e-75
Cj0961c	CJJ81176_RS04680	100.000	100	44	44	44	87.0	8.43e-27
Cj0962	CJJ81176_RS04685	100.000	100	159	159	159	318	3.53e-115
Cj0963	CJJ81176_RS09165	99.010	100	202	202	202	401	1.68e-146
Cj0964	CJJ81176_RS04695	99.495	100	396	396	396	792	0.0
Cj0965c	CJJ81176_RS04700	99.194	100	124	124	124	249	1.27e-88
Cj0967	CJJ81176_RS03565	42.679	73	762	642	560	425	6.91e-141
Cj0970	CJJ81176_RS04720	44.118	34	100	553	34	28.5	0.024
Cj0971	CJJ81176_RS04720	83.810	81	130	553	105	172	8.95e-54
Cj0972	CJJ81176_RS04720	55.789	89	107	553	95	77.4	2.79e-19
Cj0974	CJJ81176_RS08965	86.957	100	46	46	46	72.4	6.38e-21
Cj0975	CJJ81176_RS04725	92.096	100	574	576	582	1056	0.0
Cj0976	CJJ81176_RS04730	98.311	100	296	296	296	596	0.0
Cj0977	CJJ81176_RS04735	98.958	100	192	192	192	390	2.04e-142
Cj0978c	CJJ81176_RS04740	96.491	100	57	57	57	120	1.49e-39
Cj0979c	CJJ81176_RS04745	99.429	100	175	175	175	353	4.32e-128
Cj0980	CJJ81176_RS04750	97.630	100	422	422	422	844	0.0
Cj0981c	CJJ81176_RS04755	99.036	100	415	415	415	812	0.0
Cj0982c	CJJ81176_RS04760	98.566	100	279	279	279	556	0.0
Cj0983	CJJ81176_RS04765	97.849	100	372	372	372	713	0.0
Cj0984	CJJ81176_RS04770	98.374	100	246	246	246	480	4.80e-176
Cj0985c	CJJ81176_RS04775	98.433	100	383	383	383	778	0.0
Cj0988c	CJJ81176_RS08320	36.842	49	78	214	38	23.1	0.99
Cj0989	CJJ81176_RS04795	100.000	100	68	68	68	128	1.13e-42
Cj0990c	CJJ81176_RS04800	99.209	100	253	253	253	496	0.0
Cj0991c	CJJ81176_RS04805	99.050	100	421	421	421	859	0.0
Cj0992c	CJJ81176_RS04810	98.004	100	451	451	451	912	0.0
Cj0993c	CJJ81176_RS04815	99.387	100	163	163	163	328	1.36e-118
Cj0994c	CJJ81176_RS04820	98.039	100	306	306	306	618	0.0
Cj0995c	CJJ81176_RS04825	98.165	100	327	327	327	661	0.0
Cj0996	CJJ81176_RS04830	98.925	100	186	186	186	379	4.60e-138
Cj0997	CJJ81176_RS04835	99.468	100	188	188	188	375	9.50e-137
Cj0998c	CJJ81176_RS04840	98.421	100	190	190	190	373	1.12e-135
Cj0999c	CJJ81176_RS04845	99.452	100	365	365	365	711	0.0
Cj1000	CJJ81176_RS04850	99.659	100	293	293	293	574	0.0
Cj1001	CJJ81176_RS04855	99.839	100	622	622	622	1233	0.0
Cj1002c	CJJ81176_RS04860	97.647	100	170	170	170	330	3.14e-119
Cj1003c	CJJ81176_RS04865	97.674	100	172	172	172	325	2.41e-117
Cj1004	CJJ81176_RS04870	94.928	100	138	138	138	260	8.69e-93
Cj1005c	CJJ81176_RS04875	98.327	100	538	538	538	1064	0.0
Cj1006c	CJJ81176_RS04880	99.038	100	416	416	416	845	0.0
Cj1007c	CJJ81176_RS04885	99.618	100	523	523	523	1050	0.0
Cj1008c	CJJ81176_RS04890	98.006	100	351	351	351	690	0.0
Cj1009c	CJJ81176_RS04895	99.571	100	466	466	466	950	0.0
Cj1010	CJJ81176_RS04900	98.660	100	373	373	373	768	0.0
Cj1011	CJJ81176_RS04905	98.039	100	255	255	255	489	1.36e-179
Cj1012c	CJJ81176_RS04915	97.315	100	149	149	149	282	6.03e-101
Cj1013c	CJJ81176_RS04920	99.352	100	1081	1081	1081	2199	0.0
Cj1014c	CJJ81176_RS04925	99.567	100	231	231	231	460	1.04e-168
Cj1015c	CJJ81176_RS04930	98.828	100	256	256	256	512	0.0
Cj1016c	CJJ81176_RS04935	98.857	100	350	350	350	677	0.0
Cj1017c	CJJ81176_RS04940	99.664	100	298	298	298	582	0.0
Cj1018c	CJJ81176_RS04945	99.729	100	369	369	369	743	0.0
Cj1019c	CJJ81176_RS04950	98.922	100	371	371	371	739	0.0
Cj1020c	CJJ81176_RS04955	99.306	100	144	144	144	296	9.72e-107
Cj1021c	CJJ81176_RS04960	100.000	100	63	63	63	128	7.48e-43
Cj1022c	CJJ81176_RS04965	100.000	100	168	168	168	330	3.39e-119
Cj1023c	CJJ81176_RS04970	98.834	100	343	343	343	698	0.0
Cj1024c	CJJ81176_RS04975	99.076	100	433	433	433	863	0.0
Cj1025c	CJJ81176_RS04980	98.658	100	149	149	149	301	1.26e-108
Cj1026c	CJJ81176_RS04985	100.000	100	171	171	171	347	4.34e-126
Cj1027c	CJJ81176_RS04990	99.768	99	863	862	862	1741	0.0
Cj1028c	CJJ81176_RS04995	98.953	100	191	191	191	383	1.12e-139
Cj1029c	CJJ81176_RS05000	99.533	100	214	214	214	432	3.63e-158
Cj1030c	CJJ81176_RS05005	100.000	100	598	598	598	1212	0.0
Cj1031	CJJ81176_RS05010	98.821	100	424	424	424	817	0.0
Cj1032	CJJ81176_RS05015	99.187	100	246	246	246	485	2.83e-178
Cj1033	CJJ81176_RS05020	99.602	100	1005	1005	1005	1972	0.0
Cj1034c	CJJ81176_RS05025	100.000	100	268	268	268	543	0.0
Cj1035c	CJJ81176_RS05030	99.582	100	239	239	239	481	7.91e-177
Cj1036c	CJJ81176_RS05035	98.795	100	83	83	83	155	5.42e-53
Cj1037c	CJJ81176_RS05040	100.000	100	481	481	481	986	0.0
Cj1038	CJJ81176_RS05045	99.225	100	387	387	387	760	0.0
Cj1039	CJJ81176_RS05050	100.000	100	342	342	342	697	0.0
Cj1040c	CJJ81176_RS09170	100.000	39	387	385	121	238	1.78e-76
Cj1040c	CJJ81176_RS09170	74.194	39	387	385	31	42.4	1.31e-05
Cj1041c	CJJ81176_RS05060	98.940	100	283	283	283	548	0.0
Cj1042c	CJJ81176_RS05065	100.000	100	296	296	296	594	0.0
Cj1043c	CJJ81176_RS05070	99.005	100	201	201	201	406	1.85e-148
Cj1044c	CJJ81176_RS05075	99.213	100	381	381	381	780	0.0
Cj1045c	CJJ81176_RS05080	98.450	100	258	258	258	509	0.0
Cj1046c	CJJ81176_RS05085	98.502	100	267	267	267	541	0.0
Cj1047c	CJJ81176_RS05090	96.825	100	63	63	63	115	1.72e-37
Cj1048c	CJJ81176_RS05095	99.452	100	365	365	365	742	0.0
Cj1049c	CJJ81176_RS05100	97.990	100	199	199	199	377	8.84e-137
Cj1050c	CJJ81176_RS05105	96.996	100	233	233	233	473	6.30e-174
Cj1051c	CJJ81176_RS03635	24.823	19	1339	636	282	50.1	3.68e-07
Cj1052c	CJJ81176_RS05110	97.826	100	736	736	736	1442	0.0
Cj1053c	CJJ81176_RS05115	100.000	100	116	116	116	229	4.09e-81
Cj1054c	CJJ81176_RS05120	99.769	100	432	432	432	868	0.0
Cj1055c	CJJ81176_RS05125	99.848	100	657	657	657	1317	0.0
Cj1056c	CJJ81176_RS05130	100.000	100	258	258	258	525	0.0
Cj1057c	CJJ81176_RS05135	100.000	100	57	57	57	106	2.58e-34
Cj1058c	CJJ81176_RS05140	100.000	100	485	485	485	981	0.0
Cj1059c	CJJ81176_RS05145	100.000	100	453	453	453	919	0.0
Cj1060c	CJJ81176_RS05150	100.000	100	36	36	36	69.3	4.89e-20
Cj1061c	CJJ81176_RS05155	99.891	100	917	917	917	1889	0.0
Cj1062	CJJ81176_RS05160	100.000	100	362	362	362	729	0.0
Cj1063	CJJ81176_RS05165	100.000	100	141	141	141	290	2.41e-104
Cj1066	CJJ81176_RS05175	100.000	100	201	201	201	408	4.75e-149
Cj1067	CJJ81176_RS05180	100.000	100	178	178	178	355	9.58e-129
Cj1068	CJJ81176_RS05185	96.739	100	368	368	368	703	0.0
Cj1069	CJJ81176_RS05190	96.181	100	288	288	288	567	0.0
Cj1070	CJJ81176_RS05195	98.400	100	125	125	125	242	6.06e-86
Cj1071	CJJ81176_RS05200	98.361	100	183	182	183	371	4.99e-135
Cj1072	CJJ81176_RS05205	100.000	100	86	86	86	177	2.93e-61
Cj1073c	CJJ81176_RS05210	99.747	100	791	791	791	1580	0.0
Cj1074c	CJJ81176_RS05215	100.000	100	215	215	215	442	2.11e-162
Cj1075	CJJ81176_RS05220	100.000	100	129	129	129	259	1.23e-92
Cj1076	CJJ81176_RS05225	99.177	100	243	243	243	485	2.42e-178
Cj1077	CJJ81176_RS05230	99.000	100	100	100	100	190	2.94e-66
Cj1078	CJJ81176_RS05235	99.091	100	220	220	220	425	3.16e-155
Cj1079	CJJ81176_RS05240	98.667	100	150	150	150	295	2.70e-106
Cj1080c	CJJ81176_RS05245	96.172	100	209	209	209	398	4.32e-145
Cj1081c	CJJ81176_RS05250	94.762	100	210	210	210	368	6.47e-133
Cj1082c	CJJ81176_RS05255	98.519	100	270	270	270	546	0.0
Cj1083c	CJJ81176_RS05260	96.930	100	228	228	228	440	5.09e-161
Cj1084c	CJJ81176_RS05265	98.024	100	253	253	253	506	0.0
Cj1085c	CJJ81176_RS05270	98.773	100	978	978	978	1950	0.0
Cj1086c	CJJ81176_RS05275	99.237	100	131	131	131	251	2.21e-89
Cj1087c	CJJ81176_RS05280	98.667	100	300	300	300	608	0.0
Cj1088c	CJJ81176_RS05285	98.731	100	394	394	394	791	0.0
Cj1089c	CJJ81176_RS05290	99.785	100	465	465	465	922	0.0
Cj1090c	CJJ81176_RS05295	100.000	100	170	170	170	342	6.41e-124
Cj1091c	CJJ81176_RS05300	99.258	100	809	809	809	1659	0.0
Cj1092c	CJJ81176_RS05305	99.690	100	323	323	323	642	0.0
Cj1093c	CJJ81176_RS05310	99.049	100	526	526	526	1050	0.0
Cj1094c	CJJ81176_RS05315	100.000	100	90	90	90	181	5.29e-63
Cj1095	CJJ81176_RS05320	99.546	100	441	441	441	868	0.0
Cj1096c	CJJ81176_RS05325	99.749	100	398	398	398	822	0.0
Cj1097	CJJ81176_RS05330	99.017	100	407	407	407	788	0.0
Cj1098	CJJ81176_RS05335	98.644	100	295	295	295	600	0.0
Cj1099	CJJ81176_RS05340	98.953	100	573	572	573	1159	0.0
Cj1100	CJJ81176_RS05345	100.000	100	145	145	145	290	1.99e-104
Cj1101	CJJ81176_RS05350	99.566	100	691	691	691	1391	0.0
Cj1102	CJJ81176_RS05355	98.162	100	272	272	272	541	0.0
Cj1103	CJJ81176_RS05360	100.000	100	75	75	75	143	1.89e-48
Cj1104	CJJ81176_RS05365	98.824	100	255	255	255	506	0.0
Cj1105	CJJ81176_RS05370	100.000	100	150	150	150	297	6.71e-107
Cj1106	CJJ81176_RS05375	97.500	100	200	200	200	397	8.00e-145
Cj1107	CJJ81176_RS05380	98.958	100	96	96	96	196	1.93e-68
Cj1108	CJJ81176_RS05385	98.590	100	709	709	709	1390	0.0
Cj1109	CJJ81176_RS05390	99.535	100	215	215	215	443	1.20e-162
Cj1110c	CJJ81176_RS05395	99.068	100	429	429	429	875	0.0
Cj1111c	CJJ81176_RS05400	99.519	100	208	208	208	402	1.21e-146
Cj1112c	CJJ81176_RS05405	100.000	100	119	119	119	244	3.87e-87
Cj1113	CJJ81176_RS05410	98.113	100	265	265	265	535	0.0
Cj1114c	CJJ81176_RS05415	99.174	100	242	242	242	467	5.04e-171
Cj1115c	CJJ81176_RS05420	99.512	100	205	205	205	410	7.43e-150
Cj1116c	CJJ81176_RS05425	99.535	100	645	645	645	1299	0.0
Cj1117c	CJJ81176_RS09080	98.577	100	281	281	281	560	0.0
Cj1118c	CJJ81176_RS05435	100.000	100	130	130	130	260	7.49e-93
Cj1119c	CJJ81176_RS05440	98.990	100	297	297	297	596	0.0
Cj1120c	CJJ81176_RS05445	99.492	100	590	590	590	1187	0.0
Cj1121c	CJJ81176_RS05450	98.187	100	386	386	386	777	0.0
Cj1122c	CJJ81176_RS04020	36.585	15	217	150	41	28.1	0.11
Cj1123c	CJJ81176_RS05455	97.938	99	195	196	194	381	9.06e-139
Cj1124c	CJJ81176_RS05460	99.000	100	200	200	200	395	6.51e-144
Cj1125c	CJJ81176_RS05465	97.606	100	376	376	376	744	0.0
Cj1126c	CJJ81176_RS05470	98.597	100	713	713	713	1422	0.0
Cj1127c	CJJ81176_RS05475	98.356	100	365	365	365	718	0.0
Cj1128c	CJJ81176_RS05480	99.353	100	309	309	309	620	0.0
Cj1129c	CJJ81176_RS05485	98.329	100	359	359	359	717	0.0
Cj1130c	CJJ81176_RS05490	98.227	100	564	564	564	1108	0.0
Cj1131c	CJJ81176_RS05495	99.085	100	328	328	328	681	0.0
Cj1132c	CJJ81176_RS05500	97.727	100	264	264	264	526	0.0
Cj1133	CJJ81176_RS05505	98.538	100	342	342	342	675	0.0
Cj1134	CJJ81176_RS05510	96.610	100	295	295	295	586	0.0
Cj1135	CJJ81176_RS05515	88.544	100	515	515	515	937	0.0
Cj1136	CJJ81176_RS06895	54.079	82	390	569	331	333	2.99e-111
Cj1137c	CJJ81176_RS02885	28.037	28	331	146	107	26.9	0.47
Cj1138	CJJ81176_RS06895	61.094	84	389	569	329	394	3.67e-135
Cj1139c	CJJ81176_RS09000	67.241	57	303	302	174	235	7.09e-78
Cj1140	CJJ81176_RS05540	53.103	96	294	291	290	290	8.99e-100
Cj1141	CJJ81176_RS05545	77.259	99	343	346	343	554	0.0
Cj1142	CJJ81176_RS05550	69.892	100	371	374	372	533	0.0
Cj1143	CJJ81176_RS05555	65.909	57	536	315	308	422	1.42e-147
Cj1145c	CJJ81176_RS00340	26.437	30	281	359	87	32.0	0.018
Cj1146c	CJJ81176_RS05570	86.861	98	274	275	274	478	2.81e-174
Cj1148	CJJ81176_RS05575	94.586	98	319	317	314	615	0.0
Cj1149c	CJJ81176_RS05585	97.312	100	186	186	186	367	1.30e-133
Cj1150c	CJJ81176_RS05590	96.009	98	461	461	451	839	0.0
Cj1151c	CJJ81176_RS05595	99.369	100	317	317	317	646	0.0
Cj1152c	CJJ81176_RS05600	98.387	100	186	186	186	365	1.41e-132
Cj1153	CJJ81176_RS05605	100.000	100	100	100	100	202	6.51e-71
Cj1154c	CJJ81176_RS05610	100.000	100	68	68	68	135	3.28e-45
Cj1155c	CJJ81176_RS05615	98.344	100	785	785	785	1551	0.0
Cj1156	CJJ81176_RS05620	99.769	100	432	432	432	881	0.0
Cj1157	CJJ81176_RS05625	97.839	100	509	509	509	1019	0.0
Cj1158c	CJJ81176_RS05630	84.211	100	75	173	76	128	3.43e-41
Cj1159c	CJJ81176_RS05630	92.857	70	40	173	28	53.1	2.18e-12
Cj1160c	CJJ81176_RS05630	96.429	95	59	173	56	110	1.85e-34
Cj1161c	CJJ81176_RS05635	96.853	100	699	699	699	1356	0.0
Cj1162c	CJJ81176_RS05640	96.875	100	64	64	64	121	7.44e-40
Cj1163c	CJJ81176_RS05645	98.734	100	316	316	316	623	0.0
Cj1164c	CJJ81176_RS05650	100.000	100	87	87	87	185	1.20e-64
Cj1165c	CJJ81176_RS05655	99.390	100	164	164	164	323	1.12e-116
Cj1166c	CJJ81176_RS05660	98.837	100	258	258	258	518	0.0
Cj1167	CJJ81176_RS05665	98.377	100	308	308	308	612	0.0
Cj1168c	CJJ81176_RS05670	99.000	100	200	200	200	396	2.22e-144
Cj1169c	CJJ81176_RS05675	100.000	100	75	75	75	151	1.34e-51
Cj1170c	CJJ81176_RS05680	90.586	100	473	466	478	849	0.0
Cj1171c	CJJ81176_RS05685	99.375	100	160	160	160	330	1.15e-119
Cj1172c	CJJ81176_RS05690	99.574	100	235	235	235	476	7.92e-175
Cj1173	CJJ81176_RS05695	99.115	100	113	113	113	208	6.91e-73
Cj1174	CJJ81176_RS05700	99.020	100	102	102	102	188	3.22e-65
Cj1175c	CJJ81176_RS05705	99.057	100	530	530	530	1076	0.0
Cj1176c	CJJ81176_RS05710	100.000	100	79	79	79	158	4.74e-54
Cj1177c	CJJ81176_RS05715	100.000	100	207	207	207	422	1.81e-154
Cj1178c	CJJ81176_RS05720	100.000	100	542	542	542	1031	0.0
Cj1179c	CJJ81176_RS05725	99.606	99	255	255	254	486	2.57e-178
Cj1180c	CJJ81176_RS05730	98.578	100	211	211	211	423	8.22e-155
Cj1181c	CJJ81176_RS05735	99.160	100	357	357	357	724	0.0
Cj1182c	CJJ81176_RS05740	99.620	100	263	263	263	541	0.0
Cj1183c	CJJ81176_RS05745	93.023	100	387	387	387	746	0.0
Cj1184c	CJJ81176_RS05750	98.128	100	374	374	374	759	0.0
Cj1185c	CJJ81176_RS05755	99.760	100	416	416	416	836	0.0
Cj1186c	CJJ81176_RS05760	100.000	100	167	167	167	343	1.43e-124
Cj1187c	CJJ81176_RS05765	99.533	100	428	428	428	818	0.0
Cj1188c	CJJ81176_RS05770	100.000	100	619	619	619	1267	0.0
Cj1189c	CJJ81176_RS05775	100.000	100	165	165	165	342	2.67e-124
Cj1190c	CJJ81176_RS05780	100.000	100	459	459	459	919	0.0
Cj1191c	CJJ81176_RS05785	100.000	100	164	164	164	334	4.00e-121
Cj1192	CJJ81176_RS05790	99.127	100	458	458	458	908	0.0
Cj1193c	CJJ81176_RS05795	98.881	100	268	268	268	533	0.0
Cj1194	CJJ81176_RS05800	99.606	100	508	508	508	1001	0.0
Cj1195c	CJJ81176_RS05805	99.235	100	392	392	392	775	0.0
Cj1196c	CJJ81176_RS05810	99.329	100	298	298	298	606	0.0
Cj1197c	CJJ81176_RS05815	98.729	100	472	472	472	949	0.0
Cj1198	CJJ81176_RS05820	96.341	100	164	164	164	333	8.62e-121
Cj1199	CJJ81176_RS05825	98.788	100	330	330	330	671	0.0
Cj1200	CJJ81176_RS05830	97.266	98	262	256	256	511	0.0
Cj1201	CJJ81176_RS05835	99.072	100	754	754	754	1523	0.0
Cj1202	CJJ81176_RS05840	98.582	100	282	282	282	567	0.0
Cj1203c	CJJ81176_RS05845	98.413	100	63	63	63	115	8.07e-38
Cj1204c	CJJ81176_RS05850	99.558	100	226	226	226	444	1.49e-162
Cj1205c	CJJ81176_RS05855	99.327	100	446	446	446	898	0.0
Cj1206c	CJJ81176_RS05860	99.306	100	288	288	288	575	0.0
Cj1207c	CJJ81176_RS05865	98.919	100	185	185	185	370	1.56e-134
Cj1208	CJJ81176_RS05870	99.519	100	208	208	208	412	9.13e-151
Cj1209	CJJ81176_RS05875	99.807	100	517	517	517	1020	0.0
Cj1210	CJJ81176_RS05880	99.459	100	185	185	185	360	8.61e-131
Cj1211	CJJ81176_RS05885	99.761	100	419	419	419	814	0.0
Cj1212c	CJJ81176_RS05890	100.000	100	268	268	268	528	0.0
Cj1213c	CJJ81176_RS05895	99.565	100	460	460	460	932	0.0
Cj1214c	CJJ81176_RS05900	99.585	100	241	241	241	484	6.86e-178
Cj1215	CJJ81176_RS05905	99.741	100	386	386	386	794	0.0
Cj1216c	CJJ81176_RS05910	97.015	100	67	67	67	127	4.40e-42
Cj1217c	CJJ81176_RS05915	96.903	100	226	226	226	441	2.36e-161
Cj1218c	CJJ81176_RS05920	98.522	100	203	203	203	407	1.25e-148
Cj1219c	CJJ81176_RS05925	97.281	100	846	846	846	1583	0.0
Cj1220	CJJ81176_RS05930	100.000	100	86	86	86	170	1.45e-58
Cj1221	CJJ81176_RS05935	100.000	100	545	545	545	1074	0.0
Cj1222c	CJJ81176_RS05940	99.495	100	396	396	396	795	0.0
Cj1223c	CJJ81176_RS05945	100.000	100	221	221	221	446	9.99e-164
Cj1224	CJJ81176_RS05950	98.995	100	199	199	199	407	6.67e-149
Cj1225	CJJ81176_RS05955	100.000	100	82	82	82	162	1.11e-55
Cj1226c	CJJ81176_RS05965	100.000	100	415	415	415	832	0.0
Cj1227c	CJJ81176_RS05970	100.000	100	224	224	224	450	3.72e-165
Cj1228c	CJJ81176_RS05975	99.576	100	472	472	472	928	0.0
Cj1229	CJJ81176_RS05980	98.990	100	297	297	297	583	0.0
Cj1230	CJJ81176_RS05985	99.194	100	124	124	124	247	7.78e-88
Cj1231	CJJ81176_RS05990	99.815	100	541	541	541	1065	0.0
Cj1232	CJJ81176_RS05995	100.000	100	110	110	110	213	9.24e-75
Cj1233	CJJ81176_RS06000	98.058	100	206	206	206	416	2.42e-152
Cj1234	CJJ81176_RS06005	98.494	100	664	664	664	1328	0.0
Cj1235	CJJ81176_RS06010	95.604	100	273	273	273	538	0.0
Cj1236	CJJ81176_RS06015	95.253	100	316	316	316	605	0.0
Cj1237c	CJJ81176_RS06020	97.222	100	324	324	324	633	0.0
Cj1238	CJJ81176_RS06025	96.484	99	257	262	256	498	0.0
Cj1239	CJJ81176_RS06030	99.451	100	364	364	364	722	0.0
Cj1240c	CJJ81176_RS06035	92.462	99	200	209	199	310	3.59e-110
Cj1241	CJJ81176_RS06040	97.494	100	399	399	399	775	0.0
Cj1242	CJJ81176_RS06045	96.226	100	106	106	106	202	8.58e-71
Cj1243	CJJ81176_RS06050	99.412	100	340	340	340	698	0.0
Cj1244	CJJ81176_RS06055	99.000	100	300	300	300	586	0.0
Cj1245c	CJJ81176_RS06060	98.492	100	398	398	398	777	0.0
Cj1246c	CJJ81176_RS06065	96.500	100	600	600	600	1163	0.0
Cj1247c	CJJ81176_RS06070	98.171	100	164	164	164	323	1.18e-116
Cj1248	CJJ81176_RS06075	98.043	100	511	511	511	1035	0.0
Cj1249	CJJ81176_RS06080	98.560	100	486	486	486	988	0.0
Cj1250	CJJ81176_RS06085	99.519	100	416	416	416	842	0.0
Cj1251	CJJ81176_RS06090	98.667	100	150	150	150	301	2.44e-108
Cj1252	CJJ81176_RS06095	98.974	100	682	682	682	1381	0.0
Cj1253	CJJ81176_RS06100	98.887	100	719	719	719	1442	0.0
Cj1254	CJJ81176_RS06105	98.125	100	160	160	160	323	8.82e-117
Cj1255	CJJ81176_RS06110	100.000	100	69	69	69	138	1.38e-46
Cj1256c	CJJ81176_RS06115	100.000	100	220	220	220	439	1.29e-160
Cj1257c	CJJ81176_RS06120	99.746	100	394	394	394	773	0.0
Cj1258	CJJ81176_RS06125	100.000	100	151	151	151	308	1.86e-111
Cj1259	CJJ81176_RS06130	96.226	100	424	424	424	768	0.0
Cj1260c	CJJ81176_RS06135	98.663	100	373	374	374	748	0.0
Cj1261	CJJ81176_RS06140	100.000	100	223	223	223	453	2.98e-166
Cj1262	CJJ81176_RS06145	100.000	100	411	411	411	832	0.0
Cj1263	CJJ81176_RS06150	99.474	100	190	190	190	377	2.84e-137
Cj1264c	CJJ81176_RS06155	98.876	100	178	178	178	361	2.42e-131
Cj1265c	CJJ81176_RS06160	99.130	100	230	230	230	467	1.26e-171
Cj1266c	CJJ81176_RS06165	99.299	100	571	571	571	1183	0.0
Cj1267c	CJJ81176_RS06170	99.472	100	379	379	379	790	0.0
Cj1268c	CJJ81176_RS06175	96.737	100	613	613	613	1201	0.0
Cj1269c	CJJ81176_RS06180	97.420	100	659	659	659	1281	0.0
Cj1270c	CJJ81176_RS06185	99.449	100	363	363	363	739	0.0
Cj1271c	CJJ81176_RS06190	99.252	100	401	401	401	817	0.0
Cj1272c	CJJ81176_RS06195	99.453	100	731	731	731	1490	0.0
Cj1273c	CJJ81176_RS06200	100.000	100	74	74	74	146	1.59e-49
Cj1274c	CJJ81176_RS06205	99.582	100	239	239	239	482	3.05e-177
Cj1275c	CJJ81176_RS06210	99.748	100	397	397	397	786	0.0
Cj1276c	CJJ81176_RS06215	99.627	100	268	268	268	528	0.0
Cj1277c	CJJ81176_RS06220	99.548	100	221	221	221	453	3.32e-166
Cj1278c	CJJ81176_RS06225	98.980	100	392	392	392	780	0.0
Cj1279c	CJJ81176_RS06230	98.297	100	411	411	411	822	0.0
Cj1280c	CJJ81176_RS06235	98.758	100	322	322	322	645	0.0
Cj1282	CJJ81176_RS06240	99.727	100	366	366	366	723	0.0
Cj1283	CJJ81176_RS06255	99.553	100	447	447	447	874	0.0
Cj1284	CJJ81176_RS06260	100.000	100	216	216	216	430	3.09e-157
Cj1285c	CJJ81176_RS06265	99.552	100	223	223	223	442	5.67e-162
Cj1286c	CJJ81176_RS06270	99.519	100	208	208	208	420	1.33e-153
Cj1287c	CJJ81176_RS06275	100.000	100	411	411	411	822	0.0
Cj1288c	CJJ81176_RS06280	99.784	100	463	463	463	952	0.0
Cj1289	CJJ81176_RS06285	99.262	100	271	271	271	538	0.0
Cj1290c	CJJ81176_RS06290	99.549	100	443	443	443	911	0.0
Cj1291c	CJJ81176_RS06295	99.338	100	151	151	151	299	1.44e-107
Cj1292	CJJ81176_RS06300	98.925	100	186	186	186	380	1.03e-138
Cj1293	CJJ81176_RS06305	94.611	100	334	334	334	664	0.0
Cj1294	CJJ81176_RS06310	92.819	100	376	376	376	699	0.0
Cj1295	CJJ81176_RS06315	95.600	57	435	436	250	483	4.35e-171
Cj1298	CJJ81176_RS06325	47.660	89	263	239	235	232	4.40e-78
Cj1299	CJJ81176_RS06330	72.000	99	76	75	75	103	2.74e-32
Cj1300	CJJ81176_RS06320	52.881	99	297	298	295	341	1.08e-119
Cj1301	CJJ81176_RS06535	21.429	41	138	184	56	25.0	0.63
Cj1302	CJJ81176_RS06340	98.846	100	520	520	520	1022	0.0
Cj1303	CJJ81176_RS06345	99.150	100	353	353	353	717	0.0
Cj1304	CJJ81176_RS06350	95.890	100	73	73	73	138	2.15e-46
Cj1305c	CJJ81176_RS06355	84.938	100	405	404	405	670	0.0
Cj1306c	CJJ81176_RS06355	76.961	99	408	404	408	595	0.0
Cj1307	CJJ81176_RS06360	84.095	100	502	503	503	852	0.0
Cj1308	CJJ81176_RS06375	93.056	96	75	74	72	131	1.81e-43
Cj1309c	CJJ81176_RS02500	29.412	13	356	215	51	27.3	0.49
Cj1310c	CJJ81176_RS06380	66.584	99	404	403	401	511	0.0
Cj1311	CJJ81176_RS06385	97.845	100	232	232	232	473	8.10e-174
Cj1312	CJJ81176_RS06390	99.635	100	274	274	274	552	0.0
Cj1313	CJJ81176_RS06395	88.535	100	157	157	157	288	4.26e-103
Cj1314c	CJJ81176_RS06400	97.984	100	248	248	248	487	7.58e-179
Cj1315c	CJJ81176_RS06405	98.507	100	201	201	201	396	1.48e-144
Cj1316c	CJJ81176_RS06410	99.735	100	378	378	378	777	0.0
Cj1317	CJJ81176_RS06415	97.376	100	343	343	343	681	0.0
Cj1318	CJJ81176_RS06425	60.514	99	649	654	661	752	0.0
Cj1319	CJJ81176_RS06865	27.003	97	323	344	337	98.2	1.25e-24
Cj1320	CJJ81176_RS05450	37.173	94	384	386	382	214	1.34e-67
Cj1324	CJJ81176_RS06410	34.127	98	373	378	378	181	8.38e-55
Cj1325	CJJ81176_RS09140	57.955	39	224	230	88	103	1.05e-28
Cj1327	CJJ81176_RS05545	40.181	98	334	346	331	211	1.62e-67
Cj1328	CJJ81176_RS05550	35.920	90	384	374	348	188	1.55e-57
Cj1329	CJJ81176_RS06845	34.259	63	341	224	216	119	2.31e-33
Cj1330	CJJ81176_RS02450	29.843	58	301	288	191	52.0	4.73e-09
Cj1331	CJJ81176_RS05560	36.564	93	235	221	227	115	6.61e-33
Cj1332	CJJ81176_RS03895	23.704	98	256	259	270	75.9	1.11e-17
Cj1333	CJJ81176_RS06425	64.373	99	653	654	654	822	0.0
Cj1334	CJJ81176_RS06420	70.942	99	619	616	616	892	0.0
Cj1335	CJJ81176_RS06425	60.514	99	649	654	661	752	0.0
Cj1337	CJJ81176_RS06430	55.803	99	628	632	629	676	0.0
Cj1338c	CJJ81176_RS06435	80.729	100	572	576	576	860	0.0
Cj1339c	CJJ81176_RS06440	80.729	100	572	576	576	860	0.0
Cj1340c	CJJ81176_RS06445	53.577	99	605	608	601	623	0.0
Cj1341c	CJJ81176_RS06445	58.182	99	607	608	605	674	0.0
Cj1342c	CJJ81176_RS06450	75.481	100	413	416	416	628	0.0
Cj1343c	CJJ81176_RS06455	94.152	100	171	171	171	320	1.80e-115
Cj1344c	CJJ81176_RS06460	97.015	100	335	335	335	657	0.0
Cj1345c	CJJ81176_RS06465	98.491	100	464	464	464	931	0.0
Cj1346c	CJJ81176_RS06470	97.753	100	356	356	356	704	0.0
Cj1347c	CJJ81176_RS06475	98.755	100	241	241	241	459	3.97e-168
Cj1348c	CJJ81176_RS06480	99.107	100	112	112	112	222	2.47e-78
Cj1349c	CJJ81176_RS06485	98.621	100	435	435	435	851	0.0
Cj1350	CJJ81176_RS06490	98.953	100	191	191	191	376	7.29e-137
Cj1351	CJJ81176_RS06495	98.176	100	329	329	329	659	0.0
Cj1352	CJJ81176_RS06500	99.068	100	322	322	322	613	0.0
Cj1353	CJJ81176_RS06505	99.038	100	312	312	312	595	0.0
Cj1354	CJJ81176_RS06510	97.610	100	251	251	251	489	1.82e-179
Cj1355	CJJ81176_RS06515	98.182	100	330	330	330	646	0.0
Cj1356c	CJJ81176_RS06535	100.000	100	184	184	184	370	1.39e-134
Cj1357c	CJJ81176_RS06540	99.508	100	610	610	610	1275	0.0
Cj1358c	CJJ81176_RS06545	100.000	100	171	171	171	359	7.52e-131
Cj1359	CJJ81176_RS06550	100.000	100	694	694	694	1434	0.0
Cj1361c	CJJ81176_RS06555	100.000	91	150	136	136	282	2.97e-101
Cj1362	CJJ81176_RS06560	100.000	100	335	335	335	672	0.0
Cj1363	CJJ81176_RS06565	100.000	100	347	347	347	672	0.0
Cj1364c	CJJ81176_RS06570	99.568	100	463	463	463	954	0.0
Cj1365c	CJJ81176_RS06575	100.000	100	1041	1041	1041	2119	0.0
Cj1366c	CJJ81176_RS06580	99.833	100	598	598	598	1236	0.0
Cj1367c	CJJ81176_RS06585	99.744	100	782	782	782	1539	0.0
Cj1368	CJJ81176_RS06590	91.525	100	354	354	354	687	0.0
Cj1369	CJJ81176_RS06600	93.394	100	439	439	439	820	0.0
Cj1370	CJJ81176_RS06605	96.599	100	147	147	147	283	1.45e-101
Cj1371	CJJ81176_RS06610	96.983	100	232	232	232	464	1.54e-170
Cj1372	CJJ81176_RS06615	96.825	100	189	189	189	358	6.61e-130
Cj1373	CJJ81176_RS06620	98.785	100	823	823	823	1622	0.0
Cj1374c	CJJ81176_RS06625	100.000	100	200	200	200	401	2.61e-146
Cj1375	CJJ81176_RS06630	98.376	100	431	433	431	837	0.0
Cj1376	CJJ81176_RS06175	33.333	18	269	613	48	28.9	0.15
Cj1377c	CJJ81176_RS06635	99.819	99	553	557	551	1129	0.0
Cj1378	CJJ81176_RS06640	100.000	100	440	440	440	882	0.0
Cj1379	CJJ81176_RS06645	99.834	100	601	601	601	1193	0.0
Cj1380	CJJ81176_RS06650	99.576	100	236	236	236	476	4.73e-175
Cj1381	CJJ81176_RS06655	98.295	100	176	183	176	354	1.62e-128
Cj1382c	CJJ81176_RS06660	100.000	100	163	163	163	325	2.09e-117
Cj1383c	CJJ81176_RS06665	100.000	100	231	231	231	461	3.14e-169
Cj1384c	CJJ81176_RS06670	100.000	100	104	104	104	215	5.54e-76
Cj1385	CJJ81176_RS06675	100.000	100	474	474	474	988	0.0
Cj1386	CJJ81176_RS06680	98.718	100	156	156	156	308	6.60e-111
Cj1387c	CJJ81176_RS06685	99.083	100	218	218	218	437	3.43e-160
Cj1388	CJJ81176_RS06690	99.167	100	120	120	120	239	4.14e-85
Cj1394	CJJ81176_RS06705	96.703	100	455	455	455	906	0.0
Cj1397	CJJ81176_RS06715	98.649	100	74	74	74	140	3.16e-47
Cj1398	CJJ81176_RS06720	100.000	39	613	614	242	489	4.67e-168
Cj1399c	CJJ81176_RS06725	98.793	100	497	497	497	1000	0.0
Cj1400c	CJJ81176_RS06730	100.000	100	274	274	274	556	0.0
Cj1401c	CJJ81176_RS06735	97.758	100	223	223	223	441	2.81e-161
Cj1402c	CJJ81176_RS06740	99.750	100	400	400	400	811	0.0
Cj1403c	CJJ81176_RS06745	100.000	100	332	332	332	682	0.0
Cj1404	CJJ81176_RS06750	99.448	100	181	181	181	367	1.18e-133
Cj1405	CJJ81176_RS06755	99.074	100	108	108	108	211	2.88e-74
Cj1406c	CJJ81176_RS06760	97.414	100	116	125	116	219	5.61e-77
Cj1407c	CJJ81176_RS06765	99.123	99	462	456	456	922	0.0
Cj1408	CJJ81176_RS06770	99.438	100	178	178	178	351	2.07e-127
Cj1409	CJJ81176_RS06775	98.261	100	115	115	115	232	3.08e-82
Cj1410c	CJJ81176_RS06780	99.281	100	139	139	139	280	1.07e-100
Cj1411c	CJJ81176_RS06785	98.896	100	453	453	453	926	0.0
Cj1412c	CJJ81176_RS06790	99.464	100	373	373	373	758	0.0
Cj1413c	CJJ81176_RS06795	97.716	100	394	394	394	793	0.0
Cj1414c	CJJ81176_RS06800	96.517	100	689	689	689	1350	0.0
Cj1415c	CJJ81176_RS06805	97.059	100	170	170	170	336	1.11e-121
Cj1416c	CJJ81176_RS06810	98.419	100	253	253	253	504	0.0
Cj1417c	CJJ81176_RS06815	98.000	100	200	200	200	404	1.89e-147
Cj1418c	CJJ81176_RS06820	97.689	100	779	779	779	1548	0.0
Cj1419c	CJJ81176_RS06825	98.024	100	253	253	253	516	0.0
Cj1420c	CJJ81176_RS06830	99.222	100	257	257	257	535	0.0
Cj1421c	CJJ81176_RS06910	64.553	57	612	603	347	423	1.27e-142
Cj1422c	CJJ81176_RS06910	49.251	93	625	603	601	472	1.41e-161
Cj1423c	CJJ81176_RS06845	89.545	99	221	224	220	392	5.46e-142
Cj1424c	CJJ81176_RS06850	97.512	100	201	201	201	397	5.63e-145
Cj1425c	CJJ81176_RS06855	97.050	100	339	339	339	675	0.0
Cj1426c	CJJ81176_RS02470	28.889	32	283	643	90	29.3	0.15
Cj1427c	CJJ81176_RS06860	97.428	99	313	312	311	629	0.0
Cj1428c	CJJ81176_RS06870	57.880	100	346	352	349	408	1.59e-144
Cj1429c	CJJ81176_RS06875	90.000	32	308	308	100	183	2.59e-57
Cj1430c	CJJ81176_RS06885	80.663	100	181	181	181	315	5.39e-113
Cj1431c	CJJ81176_RS06890	28.381	97	582	566	599	176	2.52e-49
Cj1432c	CJJ81176_RS06895	37.778	8	1031	569	90	65.5	4.13e-12
Cj1433c	CJJ81176_RS00840	24.762	27	368	320	105	31.2	0.036
Cj1434c	CJJ81176_RS06895	24.866	94	445	569	559	109	6.20e-27
Cj1435c	CJJ81176_RS03550	26.364	51	211	212	110	44.7	3.89e-07
Cj1436c	CJJ81176_RS01520	26.774	77	390	364	310	63.9	1.67e-12
Cj1437c	CJJ81176_RS01520	29.683	90	367	364	347	99.0	1.41e-24
Cj1438c	CJJ81176_RS06895	25.497	54	776	569	553	102	4.83e-24
Cj1439c	CJJ81176_RS06260	40.625	9	368	216	32	29.6	0.10
Cj1440c	CJJ81176_RS06900	65.839	75	407	493	322	379	5.96e-130
Cj1441c	CJJ81176_RS02575	44.444	9	393	300	36	28.5	0.30
Cj1442c	CJJ81176_RS06915	51.860	90	544	723	430	405	5.56e-135
Cj1442c	CJJ81176_RS06915	37.500	90	544	723	80	53.5	9.48e-09
Cj1443c	CJJ81176_RS06920	96.508	100	315	315	315	612	0.0
Cj1444c	CJJ81176_RS06925	99.094	100	552	552	552	1101	0.0
Cj1445c	CJJ81176_RS06930	98.118	100	372	372	372	731	0.0
Cj1447c	CJJ81176_RS06935	98.636	100	220	220	220	445	2.62e-163
Cj1448c	CJJ81176_RS06940	95.000	100	260	260	260	500	0.0
Cj1449c	CJJ81176_RS06945	96.296	100	135	135	135	256	2.38e-91
Cj1450	CJJ81176_RS06950	97.861	100	187	187	187	369	6.16e-134
Cj1451	CJJ81176_RS06955	97.817	100	229	229	229	451	5.12e-165
Cj1452	CJJ81176_RS06960	100.000	100	237	237	237	453	9.35e-166
Cj1453c	CJJ81176_RS06965	99.688	100	321	321	321	647	0.0
Cj1454c	CJJ81176_RS06970	98.633	100	439	439	439	882	0.0
Cj1455	CJJ81176_RS06975	99.452	100	365	365	365	748	0.0
Cj1456c	CJJ81176_RS06980	97.115	100	104	104	104	205	5.03e-72
Cj1457c	CJJ81176_RS06985	98.925	100	372	372	372	743	0.0
Cj1458c	CJJ81176_RS06990	96.337	100	273	273	273	533	0.0
Cj1459	CJJ81176_RS06995	98.319	100	357	357	357	691	0.0
Cj1460	CJJ81176_RS07000	98.425	100	127	127	127	237	5.36e-84
Cj1461	CJJ81176_RS07005	96.916	100	227	227	227	439	1.13e-160
Cj1462	CJJ81176_RS07010	98.851	100	348	348	348	686	0.0
Cj1463	CJJ81176_RS07015	97.345	100	113	113	113	219	4.46e-77
Cj1464	CJJ81176_RS07020	96.923	100	65	65	65	124	4.06e-41
Cj1465	CJJ81176_RS07025	100.000	100	144	144	144	279	4.15e-100
Cj1466	CJJ81176_RS07030	98.520	100	608	608	608	1211	0.0
Cj1467	CJJ81176_RS07035	100.000	70	254	252	177	363	1.56e-129
Cj1468	CJJ81176_RS07040	99.213	100	254	254	254	496	0.0
Cj1471c	CJJ81176_RS07050	99.615	100	519	519	519	1046	0.0
Cj1472c	CJJ81176_RS07055	100.000	100	195	195	195	380	3.84e-138
Cj1473c	CJJ81176_RS07060	99.505	100	202	202	202	394	9.55e-144
Cj1474c	CJJ81176_RS07065	99.153	100	472	470	472	931	0.0
Cj1475c	CJJ81176_RS07070	100.000	98	105	103	103	206	2.81e-72
Cj1476c	CJJ81176_RS07075	99.578	100	1186	1186	1186	2462	0.0
Cj1477c	CJJ81176_RS07080	98.122	100	213	213	213	421	9.09e-154
Cj1478c	CJJ81176_RS07085	98.746	100	319	319	319	650	0.0
Cj1479c	CJJ81176_RS07090	100.000	100	129	129	129	260	4.24e-93
Cj1480c	CJJ81176_RS07095	100.000	100	141	141	141	291	8.79e-105
Cj1481c	CJJ81176_RS07100	98.480	100	921	921	921	1816	0.0
Cj1482c	CJJ81176_RS07105	99.492	100	788	788	788	1553	0.0
Cj1483c	CJJ81176_RS07110	100.000	100	173	173	173	351	1.34e-127
Cj1484c	CJJ81176_RS07115	99.500	100	200	200	200	396	1.84e-144
Cj1485c	CJJ81176_RS07120	96.970	100	33	33	33	62.4	2.29e-17
Cj1486c	CJJ81176_RS07125	98.630	100	73	73	73	149	1.09e-50
Cj1487c	CJJ81176_RS07130	100.000	100	287	287	287	587	0.0
Cj1488c	CJJ81176_RS07135	98.851	100	87	87	87	176	9.25e-61
Cj1489c	CJJ81176_RS07140	100.000	100	221	221	221	461	1.47e-169
Cj1490c	CJJ81176_RS07145	100.000	100	488	488	488	984	0.0
Cj1491c	CJJ81176_RS07150	95.575	100	226	226	226	431	3.12e-157
Cj1492c	CJJ81176_RS07155	99.752	100	403	403	403	804	0.0
Cj1493c	CJJ81176_RS07160	99.543	100	219	219	219	410	1.43e-149
Cj1494c	CJJ81176_RS07165	100.000	100	372	372	372	761	0.0
Cj1495c	CJJ81176_RS07170	100.000	100	183	183	183	360	6.92e-131
Cj1496c	CJJ81176_RS07175	99.419	100	172	172	172	335	1.86e-121
Cj1497c	CJJ81176_RS07180	100.000	100	142	142	142	280	1.73e-100
Cj1498c	CJJ81176_RS07185	99.760	100	416	416	416	850	0.0
Cj1500	CJJ81176_RS07195	99.502	100	402	402	402	792	0.0
Cj1501	CJJ81176_RS07200	98.667	100	75	75	75	152	9.65e-52
Cj1502c	CJJ81176_RS07205	99.795	99	495	489	488	974	0.0
Cj1503c	CJJ81176_RS07210	99.570	100	1162	1162	1162	2357	0.0
Cj1504c	CJJ81176_RS07215	99.351	100	308	340	308	614	0.0
Cj1505c	CJJ81176_RS07220	99.474	100	190	190	190	370	2.39e-134
Cj1506c	CJJ81176_RS07225	99.143	100	700	700	700	1390	0.0
Cj1507c	CJJ81176_RS07230	100.000	100	245	245	245	498	0.0
Cj1508c	CJJ81176_RS07235	98.462	100	260	260	260	523	0.0
Cj1509c	CJJ81176_RS07240	100.000	100	310	310	310	632	0.0
Cj1510c	CJJ81176_RS07245	100.000	100	213	213	213	440	2.18e-161
Cj1511c	CJJ81176_RS07250	99.893	100	934	934	934	1944	0.0
Cj1513c	CJJ81176_RS07260	100.000	100	63	63	63	125	1.97e-41
Cj1514c	CJJ81176_RS07265	99.578	100	237	237	237	467	3.54e-171
Cj1515c	CJJ81176_RS07270	98.953	100	382	382	382	780	0.0
Cj1516	CJJ81176_RS07275	97.466	100	513	513	513	1028	0.0
Cj1517	CJJ81176_RS07280	98.630	100	73	73	73	139	1.35e-46
Cj1518	CJJ81176_RS07285	97.297	100	148	148	148	297	6.51e-107
Cj1519	CJJ81176_RS07290	98.232	100	396	396	396	799	0.0
Cj1521c	CJJ81176_RS03030	52.381	49	143	728	21	26.2	0.46
Cj1521c	CJJ81176_RS03030	26.087	49	143	728	69	22.7	6.1
Cj1522c	CJJ81176_RS04645	38.596	18	296	256	57	28.9	0.16
Cj1523c	CJJ81176_RS02965	29.091	13	984	456	55	30.4	0.27
Cj1523c	CJJ81176_RS02965	28.000	13	984	456	75	25.8	7.6
Cj1529c	CJJ81176_RS07305	99.088	100	329	329	329	660	0.0
Cj1530	CJJ81176_RS07310	98.507	100	201	201	201	391	1.40e-142
Cj1531	CJJ81176_RS07315	99.597	99	249	249	248	516	0.0
Cj1532	CJJ81176_RS07320	99.588	100	243	243	243	490	2.64e-180
Cj1533c	CJJ81176_RS07325	99.420	100	345	345	345	667	0.0
Cj1534c	CJJ81176_RS07330	100.000	100	149	149	149	308	2.92e-111
Cj1535c	CJJ81176_RS07335	100.000	100	406	406	406	830	0.0
Cj1536c	CJJ81176_RS07340	100.000	100	274	274	274	564	0.0
Cj1537c	CJJ81176_RS07345	100.000	100	657	657	657	1360	0.0
Cj1538c	CJJ81176_RS07350	100.000	100	331	331	331	658	0.0
Cj1539c	CJJ81176_RS07355	99.561	95	239	228	228	438	6.04e-160
Cj1540	CJJ81176_RS07360	100.000	100	269	269	269	544	0.0
Cj1541	CJJ81176_RS07365	100.000	100	255	255	255	516	0.0
Cj1542	CJJ81176_RS07370	100.000	100	246	246	246	501	0.0
Cj1543	CJJ81176_RS07375	99.688	100	321	321	321	649	0.0
Cj1544c	CJJ81176_RS07380	100.000	100	298	298	298	583	0.0
Cj1545c	CJJ81176_RS07385	100.000	100	192	192	192	395	3.89e-144
Cj1546	CJJ81176_RS07390	100.000	100	115	115	115	234	3.58e-83
Cj1547	CJJ81176_RS07395	100.000	100	149	149	149	297	5.70e-107
Cj1548c	CJJ81176_RS07400	100.000	100	358	358	358	739	0.0
Cj1549c	CJJ81176_RS07405	100.000	100	1031	1031	1031	2102	0.0
Cj1550c	CJJ81176_RS07410	100.000	100	588	588	588	1192	0.0
Cj1551c	CJJ81176_RS07415	100.000	100	380	380	380	771	0.0
Cj1552c	CJJ81176_RS07420	100.000	100	488	488	488	999	0.0
Cj1553c	CJJ81176_RS07425	100.000	100	500	500	500	1026	0.0
Cj1555c	CJJ81176_RS07430	99.526	100	211	211	211	431	8.74e-158
Cj1556	CJJ81176_RS07435	100.000	100	110	110	110	219	1.81e-77
Cj1563c	CJJ81176_RS07455	100.000	100	143	143	143	290	3.34e-104
Cj1564	CJJ81176_RS00755	71.775	98	662	659	659	912	0.0
Cj1565c	CJJ81176_RS07465	100.000	100	788	788	788	1589	0.0
Cj1566c	CJJ81176_RS07470	100.000	100	462	462	462	901	0.0
Cj1567c	CJJ81176_RS07475	100.000	100	495	495	495	962	0.0
Cj1568c	CJJ81176_RS07480	100.000	100	596	596	596	1193	0.0
Cj1569c	CJJ81176_RS07485	100.000	100	98	98	98	192	3.67e-67
Cj1570c	CJJ81176_RS07490	100.000	100	172	172	172	330	2.57e-119
Cj1571c	CJJ81176_RS07495	100.000	100	213	213	213	441	7.20e-162
Cj1572c	CJJ81176_RS07500	99.699	100	332	332	332	654	0.0
Cj1573c	CJJ81176_RS07505	99.878	100	820	820	820	1684	0.0
Cj1574c	CJJ81176_RS07510	99.565	100	230	230	230	451	4.25e-165
Cj1575c	CJJ81176_RS07515	100.000	100	75	75	75	148	3.86e-50
Cj1576c	CJJ81176_RS07520	99.755	100	408	408	408	849	0.0
Cj1577c	CJJ81176_RS07525	100.000	100	264	264	264	538	0.0
Cj1578c	CJJ81176_RS07530	100.000	100	167	167	167	351	8.66e-128
Cj1579c	CJJ81176_RS07535	100.000	100	129	129	129	251	2.37e-89
Cj1580c	CJJ81176_RS07540	99.548	100	221	221	221	440	3.58e-161
Cj1581c	CJJ81176_RS07545	98.729	100	236	236	236	465	1.68e-170
Cj1582c	CJJ81176_RS07550	98.485	100	264	264	264	496	0.0
Cj1583c	CJJ81176_RS07555	97.771	100	314	314	314	597	0.0
Cj1584c	CJJ81176_RS07560	97.456	100	511	511	511	1006	0.0
Cj1585c	CJJ81176_RS05895	23.689	55	923	460	515	129	4.52e-33
Cj1586	CJJ81176_RS07585	99.286	100	140	140	140	284	5.97e-102
Cj1587c	CJJ81176_RS07590	99.632	100	543	543	543	1086	0.0
Cj1588c	CJJ81176_RS07595	98.608	100	431	431	431	841	0.0
Cj1589	CJJ81176_RS07600	97.358	100	265	265	265	513	0.0
Cj1590	CJJ81176_RS07605	100.000	100	72	72	72	149	8.37e-51
Cj1591	CJJ81176_RS07610	100.000	100	37	37	37	73.2	1.67e-21
Cj1592	CJJ81176_RS07615	99.174	100	121	121	121	241	1.52e-85
Cj1593	CJJ81176_RS07620	100.000	100	130	130	130	263	7.08e-94
Cj1594	CJJ81176_RS07625	99.519	100	208	208	208	417	2.42e-152
Cj1595	CJJ81176_RS07630	99.703	100	337	337	337	680	0.0
Cj1596	CJJ81176_RS07635	100.000	100	117	117	117	236	7.17e-84
Cj1597	CJJ81176_RS07640	98.997	100	299	299	299	602	0.0
Cj1598	CJJ81176_RS07645	97.897	100	428	428	428	850	0.0
Cj1599	CJJ81176_RS07650	99.148	100	352	352	352	715	0.0
Cj1600	CJJ81176_RS07655	97.436	100	195	195	195	393	2.23e-143
Cj1601	CJJ81176_RS07660	98.354	100	243	243	243	479	1.09e-175
Cj1602	CJJ81176_RS07665	93.711	100	318	300	318	588	0.0
Cj1603	CJJ81176_RS07670	98.824	100	255	255	255	512	0.0
Cj1604	CJJ81176_RS07675	99.034	100	207	207	207	420	1.21e-153
Cj1605c	CJJ81176_RS07680	98.964	100	386	386	386	777	0.0
Cj1606c	CJJ81176_RS07685	98.913	100	368	368	368	745	0.0
Cj1607	CJJ81176_RS07690	99.191	100	371	371	371	755	0.0
Cj1608	CJJ81176_RS07695	98.983	100	295	295	295	577	0.0
Cj1609	CJJ81176_RS07700	99.223	100	386	386	386	788	0.0
Cj1610	CJJ81176_RS07705	98.193	100	166	166	166	317	2.26e-114
Cj1611	CJJ81176_RS07710	98.851	100	87	87	87	166	3.77e-57
Cj1612	CJJ81176_RS07715	99.718	100	355	355	355	717	0.0
Cj1613c	CJJ81176_RS07720	98.008	100	251	251	251	506	0.0
Cj1614	CJJ81176_RS07725	90.999	100	709	702	711	1268	0.0
Cj1615	CJJ81176_RS07730	99.695	100	328	328	328	637	0.0
Cj1616	CJJ81176_RS07735	98.062	100	258	258	258	496	0.0
Cj1617	CJJ81176_RS07740	97.761	100	268	268	268	509	0.0
Cj1618c	CJJ81176_RS07745	97.895	93	305	285	285	565	0.0
Cj1619	CJJ81176_RS07750	100.000	100	419	419	419	842	0.0
Cj1620c	CJJ81176_RS07755	97.935	100	339	339	339	675	0.0
Cj1621	CJJ81176_RS07760	97.600	100	250	250	250	489	1.03e-179
Cj1622	CJJ81176_RS07785	97.917	100	336	336	336	670	0.0
Cj1623	CJJ81176_RS07790	97.110	100	173	173	173	323	2.52e-116
Cj1624c	CJJ81176_RS07795	99.119	100	454	454	454	923	0.0
Cj1625c	CJJ81176_RS07800	98.798	100	416	416	416	816	0.0
Cj1626c	CJJ81176_RS07805	95.968	90	138	138	124	246	3.73e-87
Cj1627c	CJJ81176_RS07810	97.571	100	247	247	247	488	2.45e-179
Cj1628	CJJ81176_RS07815	99.291	100	141	141	141	279	4.76e-100
Cj1629	CJJ81176_RS07820	97.674	100	129	129	129	242	7.31e-86
Cj1630	CJJ81176_RS07825	97.797	100	227	227	227	447	1.47e-163
Cj1631c	CJJ81176_RS07830	96.194	100	289	289	289	546	0.0
Cj1632c	CJJ81176_RS07835	100.000	100	53	53	53	105	5.66e-34
Cj1633	CJJ81176_RS07840	98.777	100	327	327	327	662	0.0
Cj1634c	CJJ81176_RS07845	98.066	100	362	362	362	722	0.0
Cj1635c	CJJ81176_RS07850	99.107	100	224	224	224	441	2.09e-161
Cj1636c	CJJ81176_RS07855	100.000	100	146	146	146	301	9.54e-109
Cj1637c	CJJ81176_RS07860	99.390	100	328	328	328	650	0.0
Cj1638	CJJ81176_RS07865	98.512	100	605	605	605	1206	0.0
Cj1639	CJJ81176_RS07870	100.000	100	90	90	90	182	1.50e-63
Cj1640	CJJ81176_RS07875	99.454	100	183	183	183	365	5.79e-133
Cj1641	CJJ81176_RS07880	98.126	100	427	427	427	848	0.0
Cj1642	CJJ81176_RS07885	100.000	100	103	103	103	198	2.69e-69
Cj1643	CJJ81176_RS07890	99.176	100	364	364	364	731	0.0
Cj1644	CJJ81176_RS07895	99.288	100	281	281	281	562	0.0
Cj1645	CJJ81176_RS07900	98.259	100	632	632	632	1274	0.0
Cj1646	CJJ81176_RS07905	98.103	100	369	369	369	724	0.0
Cj1647	CJJ81176_RS07910	98.333	100	240	240	240	472	2.93e-173
Cj1648	CJJ81176_RS07915	98.311	100	296	296	296	576	0.0
Cj1649	CJJ81176_RS07920	98.492	100	199	199	199	389	7.45e-142
Cj1650	CJJ81176_RS07925	98.795	100	166	166	166	333	1.74e-120
Cj1651c	CJJ81176_RS07930	99.206	100	252	252	252	508	0.0
Cj1652c	CJJ81176_RS07935	98.381	99	250	247	247	497	0.0
Cj1653c	CJJ81176_RS07940	94.771	100	152	153	153	273	3.53e-97
Cj1654c	CJJ81176_RS07945	96.658	100	389	389	389	747	0.0
Cj1655c	CJJ81176_RS07950	99.215	100	382	382	382	744	0.0
Cj1656c	CJJ81176_RS07955	96.667	100	60	60	60	114	4.30e-37
Cj1658	CJJ81176_RS07965	97.989	100	696	696	696	1355	0.0
Cj1659	CJJ81176_RS07970	100.000	100	179	179	179	366	2.63e-133
Cj1660	CJJ81176_RS07975	97.430	100	467	467	467	913	0.0
Cj1661	CJJ81176_RS07980	98.372	100	430	430	430	848	0.0
Cj1662	CJJ81176_RS07985	98.387	100	372	372	372	709	0.0
Cj1663	CJJ81176_RS07990	100.000	100	217	217	217	440	3.28e-161
Cj1664	CJJ81176_RS07995	99.383	100	162	162	162	322	1.70e-116
Cj1665	CJJ81176_RS08000	99.401	100	167	167	167	334	5.08e-121
Cj1666c	CJJ81176_RS08005	98.621	100	145	145	145	294	7.73e-106
Cj1668c	CJJ81176_RS09175	87.129	73	138	101	101	182	1.56e-62
Cj1669c	CJJ81176_RS08040	97.518	100	282	282	282	563	0.0
Cj1670c	CJJ81176_RS08045	98.636	100	220	220	220	437	3.21e-160
Cj1671c	CJJ81176_RS08050	98.507	100	67	67	67	133	1.91e-44
Cj1672c	CJJ81176_RS08055	99.517	100	414	414	414	841	0.0
Cj1673c	CJJ81176_RS08060	100.000	100	343	343	343	694	0.0
Cj1674	CJJ81176_RS08065	98.601	100	286	286	286	573	0.0
Cj1675	CJJ81176_RS08070	100.000	100	89	89	89	169	3.37e-58
Cj1676	CJJ81176_RS08075	96.512	100	258	258	258	498	0.0
Cj1677	CJJ81176_RS08530	23.762	18	1120	323	202	31.2	0.14
Cj1679	CJJ81176_RS04855	27.907	15	584	622	86	26.9	1.7
Cj1680c	CJJ81176_RS08080	96.838	99	255	256	253	484	1.47e-177
Cj1681c	CJJ81176_RS08085	98.425	100	254	254	254	509	0.0
Cj1682c	CJJ81176_RS08090	99.763	100	422	422	422	880	0.0
Cj1684c	CJJ81176_RS08095	98.210	100	391	391	391	758	0.0
Cj1685c	CJJ81176_RS08100	99.281	100	278	278	278	572	0.0
Cj1686c	CJJ81176_RS08105	98.143	100	700	700	700	1415	0.0
Cj1687	CJJ81176_RS08110	98.582	100	423	423	423	841	0.0
Cj1688c	CJJ81176_RS08130	99.525	100	421	421	421	837	0.0
Cj1689c	CJJ81176_RS08135	100.000	100	130	130	130	256	3.20e-91
Cj1690c	CJJ81176_RS08140	100.000	100	147	147	147	287	3.93e-103
Cj1691c	CJJ81176_RS08145	99.153	100	118	118	118	230	1.52e-81
Cj1692c	CJJ81176_RS08150	100.000	100	178	178	178	356	3.27e-129
Cj1693c	CJJ81176_RS08155	100.000	100	131	131	131	262	8.80e-94
Cj1694c	CJJ81176_RS08160	100.000	100	61	61	61	126	4.17e-42
Cj1695c	CJJ81176_RS08165	100.000	100	181	181	181	364	1.44e-132
Cj1696c	CJJ81176_RS08170	100.000	100	77	77	77	148	2.52e-50
Cj1697c	CJJ81176_RS08175	100.000	100	122	122	122	243	1.31e-86
Cj1698c	CJJ81176_RS08180	100.000	100	83	83	83	163	6.61e-56
Cj1699c	CJJ81176_RS08185	100.000	100	61	61	61	118	1.11e-38
Cj1700c	CJJ81176_RS08190	100.000	100	141	141	141	286	6.08e-103
Cj1701c	CJJ81176_RS08195	100.000	100	233	233	233	466	3.82e-171
Cj1702c	CJJ81176_RS08200	98.198	79	141	147	111	221	5.25e-77
Cj1703c	CJJ81176_RS08205	100.000	100	93	93	93	191	1.01e-66
Cj1704c	CJJ81176_RS08210	99.638	100	276	276	276	557	0.0
Cj1705c	CJJ81176_RS08215	97.849	100	93	93	93	187	4.75e-65
Cj1706c	CJJ81176_RS08220	98.529	100	204	204	204	405	6.32e-148
Cj1707c	CJJ81176_RS08225	99.476	100	191	191	191	391	1.02e-142
Cj1708c	CJJ81176_RS08230	100.000	100	103	103	103	205	4.19e-72
Cj1709c	CJJ81176_RS08235	99.605	100	253	253	253	512	0.0
Cj1710c	CJJ81176_RS08240	99.849	100	664	664	664	1372	0.0
Cj1711c	CJJ81176_RS08245	97.368	100	266	266	266	523	0.0
Cj1712	CJJ81176_RS08250	97.753	100	178	178	178	350	6.84e-127
Cj1713	CJJ81176_RS08255	98.315	100	356	356	356	717	0.0
Cj1714	CJJ81176_RS08260	93.750	100	32	32	32	56.6	3.54e-15
Cj1715	CJJ81176_RS08290	98.295	100	176	176	176	353	2.36e-128
Cj1716c	CJJ81176_RS08295	99.500	100	200	200	200	400	2.79e-146
Cj1717c	CJJ81176_RS08300	98.936	100	470	470	470	964	0.0
Cj1718c	CJJ81176_RS08305	98.883	100	358	358	358	722	0.0
Cj1719c	CJJ81176_RS08310	99.217	100	511	511	511	1045	0.0
Cj1720	CJJ81176_RS08315	100.000	100	209	209	209	421	7.06e-154
Cj1721c	CJJ81176_RS08320	65.421	100	214	214	214	296	2.58e-104
Cj1724c	CJJ81176_RS08325	100.000	100	127	127	127	263	4.11e-94
Cj1725	CJJ81176_RS08330	98.995	100	199	199	199	399	7.40e-146
Cj1726c	CJJ81176_RS08335	100.000	100	293	293	293	604	0.0
Cj1727c	CJJ81176_RS08340	99.291	100	423	423	423	861	0.0
Cj1729c	CJJ81176_RS08350	79.014	100	865	838	872	1310	0.0
Cj1731c	CJJ81176_RS08355	98.750	100	160	160	160	321	5.28e-116
