CJJ81176_RS00005	b3702	32.599	95	440	467	454	264	9.66e-85
CJJ81176_RS00010	b3701	19.074	100	355	366	367	103	5.53e-26
CJJ81176_RS00015	b3699	48.216	100	769	804	813	711	0.0
CJJ81176_RS00020	b1982	28.571	50	113	484	56	31.6	0.009
CJJ81176_RS00025	b1971	23.649	33	412	334	148	38.9	4.67e-04
CJJ81176_RS00030	b3685	32.381	21	435	553	105	29.6	0.43
CJJ81176_RS00035	b3212	42.661	96	1495	1486	1458	1147	0.0
CJJ81176_RS00040	b2375	24.060	21	573	211	133	36.6	0.002
CJJ81176_RS00045	b3213	32.573	98	481	472	482	231	3.04e-71
CJJ81176_RS00050	b0183	38.068	88	191	198	176	98.6	5.61e-27
CJJ81176_RS00055	b0442	45.455	67	79	123	55	53.5	9.62e-12
CJJ81176_RS00060	b1559	26.804	40	215	250	97	29.3	0.18
CJJ81176_RS00065	b3771	46.382	99	558	616	608	521	0.0
CJJ81176_RS00070	b0287	38.824	52	132	204	85	50.1	3.04e-09
CJJ81176_RS00075	b2291	26.027	35	408	199	146	40.4	6.86e-05
CJJ81176_RS00080	b0444	33.488	94	224	231	215	119	4.03e-34
CJJ81176_RS00085	b1299	27.397	14	508	185	73	28.9	0.64
CJJ81176_RS00090	b0788	46.154	36	55	318	26	21.2	7.6
CJJ81176_RS00095	b1886	27.444	44	592	553	266	86.3	1.19e-18
CJJ81176_RS00100	b3518	49.650	92	304	465	286	271	2.01e-89
CJJ81176_RS00105	b1180	24.434	74	292	219	221	66.6	6.18e-14
CJJ81176_RS00110	b2594	30.000	69	300	326	220	110	5.43e-29
CJJ81176_RS00115	b1131	30.961	58	442	456	281	99.0	2.44e-23
CJJ81176_RS00120	b2234	28.360	99	789	761	811	316	2.22e-97
CJJ81176_RS00125	b1729	31.613	96	461	463	465	198	3.05e-59
CJJ81176_RS00130	b0907	20.732	34	207	362	82	25.4	3.1
CJJ81176_RS00135	b2780	52.778	99	543	545	540	569	0.0
CJJ81176_RS00140	b2892	29.658	93	523	577	526	247	4.83e-76
CJJ81176_RS00145	b2957	53.846	100	348	348	351	329	6.95e-113
CJJ81176_RS00175	b4070	26.744	13	656	478	86	35.4	0.013
CJJ81176_RS00180	b4071	25.658	20	689	188	152	40.8	1.04e-04
CJJ81176_RS00185	b4136	24.627	69	194	565	134	30.8	0.055
CJJ81176_RS00190	b2199	29.787	5	901	245	47	34.7	0.018
CJJ81176_RS00195	b3447	53.308	95	556	580	529	574	0.0
CJJ81176_RS00200	b1133	23.841	12	1244	368	151	29.6	1.3
CJJ81176_RS00205	b2241	30.556	12	294	542	36	31.2	0.093
CJJ81176_RS00210	b3396	28.655	35	480	850	171	63.2	2.02e-11
CJJ81176_RS00215	b2183	18.750	12	513	231	64	30.0	0.26
CJJ81176_RS00220	b0610	39.474	16	233	136	38	29.3	0.13
CJJ81176_RS00225	b2182	29.351	94	403	396	385	188	9.96e-57
CJJ81176_RS00230	b2143	28.889	10	449	294	45	28.5	0.84
CJJ81176_RS00235	b2296	33.333	13	347	400	45	26.9	2.0
CJJ81176_RS00240	b4088	43.333	14	215	311	30	32.0	0.026
CJJ81176_RS00245	b3871	53.974	99	602	607	604	668	0.0
CJJ81176_RS00250	b4159	31.746	60	107	1107	63	24.6	1.9
CJJ81176_RS00250	b4159	28.571	60	107	1107	63	24.3	2.3
CJJ81176_RS00255	b1421	25.758	10	610	546	66	28.1	1.8
CJJ81176_RS00260	b1075	25.269	61	294	231	186	55.8	4.44e-10
CJJ81176_RS00265	b1076	37.313	47	545	402	134	94.4	9.64e-22
CJJ81176_RS00265	b1076	32.231	47	545	402	121	61.6	4.88e-11
CJJ81176_RS00270	b1924	27.273	12	622	468	77	26.6	6.8
CJJ81176_RS00275	b1211	39.286	12	239	360	28	26.2	2.2
CJJ81176_RS09120	b3980	32.000	41	61	394	25	23.1	1.8
CJJ81176_RS00285	b0770	40.909	79	111	477	88	75.1	4.97e-18
CJJ81176_RS00290	b0770	50.000	81	74	477	60	49.7	1.06e-09
CJJ81176_RS00295	b0770	31.148	77	79	477	61	45.4	3.47e-08
CJJ81176_RS00300	b0770	40.000	97	108	477	105	70.9	1.30e-16
CJJ81176_RS00305	b1133	31.956	99	338	368	363	194	4.02e-60
CJJ81176_RS00310	b2795	26.506	76	201	454	166	48.9	6.33e-08
CJJ81176_RS00315	b3980	27.869	45	262	394	122	26.6	2.1
CJJ81176_RS00320	b4328	40.000	18	164	390	30	26.9	0.64
CJJ81176_RS00325	b0544	37.255	18	285	508	51	25.8	4.3
CJJ81176_RS00335	b1946	43.820	32	280	137	89	74.3	1.77e-17
CJJ81176_RS00340	b1945	26.994	89	359	334	326	120	2.49e-32
CJJ81176_RS00345	b1922	32.258	90	230	239	217	119	6.43e-34
CJJ81176_RS00350	b2793	25.806	53	118	181	62	30.0	0.028
CJJ81176_RS00355	b1175	35.057	56	288	270	174	86.7	7.24e-21
CJJ81176_RS00360	b3464	26.794	41	484	497	209	71.2	3.72e-14
CJJ81176_RS00365	b0142	29.134	80	157	159	127	59.7	6.89e-13
CJJ81176_RS00370	b2536	28.378	47	159	379	74	26.6	0.84
CJJ81176_RS00375	b2883	23.762	92	409	439	404	76.6	4.03e-16
CJJ81176_RS00380	b1766	24.889	86	298	618	225	76.3	2.21e-16
CJJ81176_RS00380	b1766	28.481	86	298	618	158	47.4	6.66e-07
CJJ81176_RS00385	b4180	24.000	46	343	243	175	33.1	0.020
CJJ81176_RS09125	b4395	24.194	53	116	215	62	26.2	0.58
CJJ81176_RS09130	b0693	32.500	41	98	732	40	24.6	1.4
CJJ81176_RS00405	b0308	36.792	47	218	231	106	67.4	1.12e-14
CJJ81176_RS00410	b0307	38.312	96	479	475	462	350	2.87e-117
CJJ81176_RS00415	b0306	34.025	96	246	239	241	141	2.00e-42
CJJ81176_RS00420	b3603	53.957	98	560	551	556	552	0.0
CJJ81176_RS00425	b3744	28.169	38	189	330	71	25.4	2.7
CJJ81176_RS00430	b1312	25.000	27	265	280	72	27.3	1.1
CJJ81176_RS00435	b2809	47.619	8	268	75	21	24.6	2.8
CJJ81176_RS00440	b3013	52.381	27	77	308	21	25.0	0.65
CJJ81176_RS00445	b0733	44.701	96	520	522	519	418	1.03e-142
CJJ81176_RS00450	b0734	27.806	99	374	379	392	120	1.37e-31
CJJ81176_RS00460	b2840	44.643	97	231	230	224	223	6.41e-75
CJJ81176_RS00465	b2580	47.465	93	231	229	217	221	5.20e-74
CJJ81176_RS00470	b4139	57.940	99	468	478	466	551	0.0
CJJ81176_RS00475	b4138	53.394	99	445	433	442	410	3.26e-142
CJJ81176_RS00480	b3233	38.235	8	453	132	34	28.5	0.47
CJJ81176_RS00485	b1250	35.484	25	122	417	31	27.3	0.32
CJJ81176_RS00490	b1677	40.000	16	207	78	35	28.9	0.055
CJJ81176_RS00495	b3509	27.907	19	445	108	86	32.0	0.023
CJJ81176_RS00500	b2291	22.881	29	400	199	118	25.8	4.1
CJJ81176_RS00505	b3186	40.777	100	102	103	103	79.7	7.96e-22
CJJ81176_RS00510	b3185	65.854	96	84	85	82	100	1.07e-30
CJJ81176_RS00515	b3183	44.083	94	356	390	338	232	3.60e-74
CJJ81176_RS00520	b0242	33.071	98	251	367	254	117	6.20e-32
CJJ81176_RS00525	b3288	37.500	97	305	315	304	194	5.21e-61
CJJ81176_RS00530	b3973	31.852	59	217	321	135	58.2	4.21e-11
CJJ81176_RS00535	b1175	23.636	100	261	270	275	60.1	1.31e-11
CJJ81176_RS00540	b1365	27.500	28	278	87	80	29.3	0.072
CJJ81176_RS00545	b1214	35.185	38	141	269	54	25.8	1.0
CJJ81176_RS00550	b3736	26.214	61	170	156	103	30.4	0.031
CJJ81176_RS00555	b3735	31.579	44	173	177	76	41.6	6.34e-06
CJJ81176_RS00560	b3734	56.360	99	501	513	511	594	0.0
CJJ81176_RS00565	b3733	31.757	99	294	287	296	163	8.71e-50
CJJ81176_RS00570	b3732	69.913	99	465	460	462	657	0.0
CJJ81176_RS00575	b3731	29.907	83	129	139	107	52.8	9.92e-11
CJJ81176_RS00580	b3006	37.037	58	184	244	108	66.6	1.30e-14
CJJ81176_RS00585	b3005	30.709	96	129	141	127	65.5	1.79e-15
CJJ81176_RS00590	b3857	28.846	20	259	194	52	27.3	0.73
CJJ81176_RS00595	b0740	19.651	56	402	430	229	50.4	1.01e-07
CJJ81176_RS00600	b0741	35.714	96	165	173	168	97.4	3.88e-27
CJJ81176_RS00605	b0742	21.226	67	315	263	212	40.8	5.68e-05
CJJ81176_RS00610	b3349	33.557	77	191	196	149	81.3	2.16e-20
CJJ81176_RS00615	b1092	36.364	95	306	309	297	151	1.08e-44
CJJ81176_RS00620	b0159	37.118	99	229	232	229	131	9.99e-39
CJJ81176_RS00625	b1344	32.500	95	251	311	240	138	1.91e-40
CJJ81176_RS00630	b3095	22.115	60	173	220	104	30.4	0.049
CJJ81176_RS00635	b2385	28.889	22	204	361	45	27.7	0.51
CJJ81176_RS00640	b0659	38.298	68	134	155	94	61.2	9.12e-14
CJJ81176_RS00645	b4074	29.870	18	417	552	77	35.0	0.008
CJJ81176_RS00650	b3260	38.710	97	305	321	310	194	2.52e-61
CJJ81176_RS00655	b1137	26.490	39	328	221	151	30.4	0.11
CJJ81176_RS00660	b0145	26.549	94	120	151	113	51.6	2.98e-10
CJJ81176_RS00665	b0636	34.000	64	149	155	100	67.4	6.71e-16
CJJ81176_RS00670	b2316	52.988	90	280	304	251	280	3.46e-95
CJJ81176_RS00675	b2533	35.616	30	240	267	73	52.8	3.10e-09
CJJ81176_RS00680	b0177	23.892	99	739	810	812	216	5.26e-61
CJJ81176_RS00685	b2600	21.154	74	275	373	208	44.7	3.02e-06
CJJ81176_RS00690	b1856	28.736	19	457	440	87	48.9	3.92e-07
CJJ81176_RS00695	b0096	41.581	97	294	305	291	244	7.95e-81
CJJ81176_RS00700	b1807	28.125	45	133	231	64	35.4	4.59e-04
CJJ81176_RS00705	b0003	27.143	90	292	310	280	96.3	4.28e-24
CJJ81176_RS00710	b2709	28.261	48	85	504	46	24.6	0.91
CJJ81176_RS00715	b3168	48.500	69	871	890	600	546	0.0
CJJ81176_RS00720	b3371	45.833	20	120	340	24	24.3	3.0
CJJ81176_RS00725	b3170	40.909	76	140	150	110	84.7	9.43e-23
CJJ81176_RS00730	b4346	39.773	42	631	298	176	108	3.87e-27
CJJ81176_RS00730	b4346	30.631	42	631	298	111	52.4	3.73e-08
CJJ81176_RS09135	b2963	35.897	25	156	359	39	26.6	0.93
CJJ81176_RS00735	b3925	25.373	22	292	336	67	28.9	0.35
CJJ81176_RS00740	b1859	24.498	93	267	261	249	87.8	1.54e-21
CJJ81176_RS00745	b1858	31.553	72	284	251	206	116	3.30e-32
CJJ81176_RS00750	b1857	24.706	83	296	310	255	105	2.29e-27
CJJ81176_RS00755	b4355	28.881	34	659	551	277	101	1.91e-23
CJJ81176_RS00760	b2662	26.389	12	593	426	72	33.5	0.045
CJJ81176_RS00765	b0888	40.439	98	312	321	319	209	8.21e-67
CJJ81176_RS00770	b3781	46.667	98	104	109	105	104	1.04e-31
CJJ81176_RS00775	b3148	24.272	90	112	131	103	42.0	8.08e-07
CJJ81176_RS00780	b0002	31.349	54	415	820	252	75.5	1.60e-15
CJJ81176_RS00785	b2379	53.030	99	400	412	396	452	1.96e-159
CJJ81176_RS00790	b3162	20.833	36	268	629	96	27.7	1.1
CJJ81176_RS00795	b2520	27.068	41	312	1653	133	32.3	0.050
CJJ81176_RS00800	b4180	25.217	96	227	243	230	73.6	8.74e-17
CJJ81176_RS00805	b3146	35.125	99	274	286	279	142	8.31e-42
CJJ81176_RS00810	b3936	46.970	98	66	70	66	73.6	1.71e-20
CJJ81176_RS00815	b2946	25.676	92	218	243	222	52.4	2.68e-09
CJJ81176_RS00820	b1616	36.364	15	135	457	22	23.5	7.0
CJJ81176_RS00825	b4689	27.143	50	141	84	70	26.6	0.26
CJJ81176_RS00830	b2765	28.125	33	193	121	64	35.4	6.15e-04
CJJ81176_RS00835	b2777	29.921	50	247	223	127	57.0	1.05e-10
CJJ81176_RS00840	b0781	31.861	94	320	329	317	178	8.66e-55
CJJ81176_RS00845	b2340	29.545	26	171	161	44	24.6	3.0
CJJ81176_RS00850	b3078	28.000	30	165	477	50	25.8	1.7
CJJ81176_RS00855	b4040	22.124	77	294	290	226	58.2	1.12e-10
CJJ81176_RS00860	b4171	28.269	92	289	316	283	108	1.49e-28
CJJ81176_RS00865	b1821	38.378	98	187	188	185	130	2.19e-39
CJJ81176_RS00875	b2963	35.897	65	60	359	39	25.8	0.19
CJJ81176_RS00880	b1656	57.949	89	220	193	195	227	6.44e-77
CJJ81176_RS09140	b1430	37.143	15	230	197	35	29.6	0.13
CJJ81176_RS00895	b3281	30.357	13	401	272	56	29.3	0.37
CJJ81176_RS00900	b0855	39.331	74	302	377	239	174	1.26e-52
CJJ81176_RS00905	b2424	21.429	25	538	277	140	52.0	3.40e-08
CJJ81176_RS00910	b0068	24.080	82	334	327	299	42.4	2.58e-05
CJJ81176_RS00915	b2578	44.444	47	38	195	18	22.7	0.94
CJJ81176_RS00920	b0377	42.657	88	399	406	286	215	6.09e-67
CJJ81176_RS00920	b0377	29.231	88	399	406	65	41.2	9.15e-05
CJJ81176_RS00925	b4218	23.185	94	452	447	427	153	1.51e-42
CJJ81176_RS00930	b1838	28.750	20	394	218	80	39.7	1.30e-04
CJJ81176_RS00935	b4108	54.412	99	69	111	68	75.9	8.17e-21
CJJ81176_RS00940	b2832	53.814	99	239	237	236	222	3.09e-74
CJJ81176_RS00945	b2500	38.095	99	188	212	189	123	2.17e-36
CJJ81176_RS00950	b4167	30.679	83	456	515	427	134	2.93e-35
CJJ81176_RS00955	b4196	26.271	42	232	216	118	31.6	0.035
CJJ81176_RS00960	b3765	33.400	97	501	506	497	278	8.23e-89
CJJ81176_RS00965	b3287	38.182	94	175	169	165	112	7.48e-33
CJJ81176_RS00970	b0437	68.085	97	194	207	188	281	1.23e-98
CJJ81176_RS00975	b0436	29.730	91	444	432	407	165	3.52e-47
CJJ81176_RS00980	b2153	44.099	83	190	222	161	116	1.68e-33
CJJ81176_RS00985	b1941	43.765	90	461	457	425	322	3.82e-107
CJJ81176_RS00990	b2312	37.580	100	445	505	471	304	1.79e-99
CJJ81176_RS00995	b0031	39.544	99	242	273	263	170	3.74e-53
CJJ81176_RS01000	b0892	32.454	89	393	447	379	194	1.36e-58
CJJ81176_RS01005	b1763	29.412	11	375	653	51	29.3	0.49
CJJ81176_RS01010	b2697	30.769	68	115	876	78	27.3	0.23
CJJ81176_RS01015	b0193	40.909	23	190	274	44	33.5	0.005
CJJ81176_RS01020	b3319	29.630	24	114	201	27	23.1	5.7
CJJ81176_RS01025	b3063	27.358	21	448	487	106	27.7	1.6
CJJ81176_RS01030	b2484	30.137	8	665	479	73	27.3	3.5
CJJ81176_RS01035	b3057	44.074	94	267	273	270	203	7.73e-66
CJJ81176_RS01040	b1719	42.786	99	602	642	603	501	2.93e-172
CJJ81176_RS01045	b1718	43.293	95	172	180	164	114	1.01e-33
CJJ81176_RS01050	b1347	28.358	17	363	69	67	30.0	0.041
CJJ81176_RS09145	b0032	39.583	4	1150	382	48	29.6	1.1
CJJ81176_RS01085	b3958	37.463	96	342	334	339	202	9.74e-64
CJJ81176_RS01090	b2434	28.346	84	148	141	127	63.2	2.15e-14
CJJ81176_RS01095	b2818	23.129	99	281	443	294	88.2	1.03e-20
CJJ81176_RS01100	b1748	36.340	97	395	406	388	281	9.87e-93
CJJ81176_RS01105	b2743	35.294	97	209	208	204	143	4.18e-44
CJJ81176_RS01110	b3279	41.011	98	182	184	178	159	4.72e-51
CJJ81176_RS01115	b3618	32.584	18	457	285	89	30.0	0.26
CJJ81176_RS01120	b2235	26.039	97	340	376	361	127	1.38e-34
CJJ81176_RS01125	b2515	45.000	15	136	372	20	25.0	2.3
CJJ81176_RS01130	b0469	35.714	21	202	183	42	34.3	0.002
CJJ81176_RS01135	b0172	40.217	98	187	185	184	160	1.53e-51
CJJ81176_RS01140	b3175	27.273	85	123	110	110	39.3	5.95e-06
CJJ81176_RS01145	b0970	35.065	98	231	219	231	87.0	6.40e-22
CJJ81176_RS01150	b0339	40.099	96	211	219	202	170	1.87e-54
CJJ81176_RS01155	b1330	33.203	41	627	343	256	134	1.93e-35
CJJ81176_RS01160	b2529	39.850	41	323	128	133	92.0	6.65e-24
CJJ81176_RS01165	b2530	38.760	97	393	404	387	257	2.41e-83
CJJ81176_RS01170	b1704	31.707	31	133	348	41	26.2	0.71
CJJ81176_RS01175	b2564	27.778	14	388	243	54	32.7	0.033
CJJ81176_RS01180	b1717	55.556	70	63	65	45	40.0	3.02e-07
CJJ81176_RS01185	b1716	58.974	100	117	118	117	116	7.83e-36
CJJ81176_RS09150	b2309	33.333	75	44	260	33	22.3	1.5
CJJ81176_RS09155	b1475	37.143	28	121	294	35	25.8	0.91
CJJ81176_RS01200	b2521	30.000	21	285	281	60	28.9	0.39
CJJ81176_RS01205	b3533	66.667	8	159	872	12	25.8	1.6
CJJ81176_RS01210	b4111	31.281	87	436	500	406	170	9.32e-49
CJJ81176_RS01215	b1896	44.444	35	51	474	18	21.6	4.1
CJJ81176_RS01220	b0783	43.791	97	157	161	153	125	3.15e-38
CJJ81176_RS01225	b3630	37.778	51	87	265	45	24.3	1.3
CJJ81176_RS01230	b3094	24.706	22	386	258	85	26.6	2.8
CJJ81176_RS01235	b1749	31.955	98	252	268	266	120	9.70e-34
CJJ81176_RS01240	b4114	40.080	92	512	547	499	352	1.21e-116
CJJ81176_RS01245	b4042	41.818	93	118	122	110	85.1	1.43e-23
CJJ81176_RS01250	b4498	27.273	81	81	257	66	26.9	0.14
CJJ81176_RS01255	b1062	39.067	99	335	348	343	224	6.06e-72
CJJ81176_RS01260	b0692	30.612	67	73	439	49	23.9	1.6
CJJ81176_RS01265	b2785	24.419	33	239	433	86	38.5	2.58e-04
CJJ81176_RS01270	b1421	31.532	25	665	546	222	101	2.15e-23
CJJ81176_RS01275	b3040	40.000	96	291	257	280	185	1.67e-58
CJJ81176_RS01280	b1872	49.641	99	838	809	836	807	0.0
CJJ81176_RS01285	b0996	25.714	89	191	390	175	72.4	3.68e-16
CJJ81176_RS01290	b0643	26.230	36	169	160	61	28.5	0.17
CJJ81176_RS01295	b3050	25.806	51	176	209	93	29.3	0.096
CJJ81176_RS01300	b4175	24.825	64	362	334	286	53.9	5.44e-09
CJJ81176_RS01305	b3770	45.455	96	304	309	297	254	6.59e-85
CJJ81176_RS01310	b1461	31.250	71	68	77	48	33.1	1.93e-04
CJJ81176_RS01315	b2480	40.268	99	151	156	149	120	1.05e-36
CJJ81176_RS01320	b4211	41.667	7	363	286	24	28.1	0.81
CJJ81176_RS01325	b0180	47.101	95	146	151	138	136	7.58e-43
CJJ81176_RS01330	b0181	37.795	95	263	262	254	186	1.77e-59
CJJ81176_RS01335	b0438	55.147	99	407	424	408	436	4.04e-153
CJJ81176_RS01340	b3251	55.752	97	346	347	339	369	7.47e-129
CJJ81176_RS01345	b3250	28.846	20	249	367	52	29.3	0.25
CJJ81176_RS01350	b0033	55.282	99	1089	1073	1098	1215	0.0
CJJ81176_RS01355	b3638	26.316	41	140	222	57	26.2	0.78
CJJ81176_RS01360	b0008	32.414	41	325	317	145	57.8	2.02e-10
CJJ81176_RS01365	b4388	36.041	95	207	322	197	112	5.08e-31
CJJ81176_RS01370	b1887	32.374	80	173	167	139	68.2	8.40e-16
CJJ81176_RS01375	b1888	39.492	56	769	557	433	303	7.42e-95
CJJ81176_RS01380	b1882	31.008	40	318	129	129	62.0	6.86e-13
CJJ81176_RS01385	b2752	32.258	30	205	302	62	29.6	0.12
CJJ81176_RS01390	b3181	44.586	97	161	158	157	138	1.71e-43
CJJ81176_RS01395	b0182	26.727	87	364	382	333	114	1.11e-29
CJJ81176_RS01400	b0763	20.370	99	250	257	270	31.6	0.041
CJJ81176_RS01405	b2240	33.571	90	364	452	280	155	4.78e-44
CJJ81176_RS01405	b2240	43.137	90	364	452	51	45.8	2.74e-06
CJJ81176_RS01410	b2744	37.255	98	258	253	255	167	4.59e-52
CJJ81176_RS01415	b2812	31.746	98	217	268	252	105	2.22e-28
CJJ81176_RS01420	b0131	46.789	86	126	126	109	105	1.84e-31
CJJ81176_RS01425	b0133	41.343	99	282	283	283	209	5.44e-68
CJJ81176_RS01430	b0134	43.019	96	274	264	265	232	4.92e-77
CJJ81176_RS01435	b0262	36.364	75	296	348	231	153	3.15e-45
CJJ81176_RS01440	b2423	31.818	79	222	291	176	99.0	6.60e-26
CJJ81176_RS01445	b0571	31.081	48	133	227	74	26.6	0.55
CJJ81176_RS01450	b0763	26.829	90	249	257	246	60.1	9.66e-12
CJJ81176_RS01455	b0777	23.305	92	228	251	236	47.4	2.10e-07
CJJ81176_RS01460	b4131	31.250	40	203	715	96	27.7	0.62
CJJ81176_RS01465	b0776	28.412	93	380	384	359	158	1.27e-45
CJJ81176_RS01470	b0774	34.752	98	427	429	423	249	2.49e-79
CJJ81176_RS01475	b0778	28.249	74	201	225	177	61.2	1.41e-12
CJJ81176_RS01480	b1600	38.384	94	104	121	99	50.1	4.42e-10
CJJ81176_RS01485	b4148	26.733	88	112	105	101	56.2	1.69e-12
CJJ81176_RS01490	b1732	46.154	15	178	753	26	26.2	1.4
CJJ81176_RS01495	b1204	34.737	99	181	194	190	87.4	7.72e-23
CJJ81176_RS01500	b4262	22.083	64	352	360	240	45.4	2.97e-06
CJJ81176_RS01505	b2838	31.387	96	402	420	411	189	7.24e-57
CJJ81176_RS01510	b0675	26.000	95	255	250	250	73.2	2.50e-16
CJJ81176_RS01515	b2599	32.440	97	357	386	373	165	1.32e-48
CJJ81176_RS01520	b2021	26.316	86	364	356	323	108	1.15e-27
CJJ81176_RS01525	b1938	30.714	95	560	552	560	219	3.59e-65
CJJ81176_RS01530	b1939	30.061	95	342	331	326	173	1.62e-52
CJJ81176_RS01535	b2075	36.508	21	276	1040	63	28.1	0.91
CJJ81176_RS01540	b0420	40.954	98	615	620	608	452	3.04e-153
CJJ81176_RS01545	b0683	31.667	85	136	148	120	56.2	7.80e-12
CJJ81176_RS01550	b1549	33.333	9	398	136	39	29.6	0.20
CJJ81176_RS01555	b3833	30.672	97	235	251	238	120	2.07e-34
CJJ81176_RS01560	b2509	42.553	73	387	456	282	249	1.47e-79
CJJ81176_RS01565	b0907	41.226	99	358	362	359	262	1.95e-86
CJJ81176_RS01570	b1809	35.185	92	116	114	108	61.6	1.64e-14
CJJ81176_RS01575	b1091	48.220	95	324	317	309	311	1.42e-106
CJJ81176_RS01580	b1090	39.339	98	328	356	333	221	5.35e-71
CJJ81176_RS01585	b4220	42.308	54	48	577	26	23.5	0.80
CJJ81176_RS01590	b1413	39.394	28	117	1300	33	25.8	0.89
CJJ81176_RS01595	b2518	58.394	100	137	143	137	170	1.37e-56
CJJ81176_RS01600	b2562	41.791	71	94	86	67	49.7	2.22e-10
CJJ81176_RS01605	b0605	34.437	75	198	187	151	108	1.05e-30
CJJ81176_RS01610	b1880	37.845	97	368	382	362	244	4.35e-79
CJJ81176_RS01615	b3552	26.923	51	247	219	130	51.6	7.51e-09
CJJ81176_RS01620	b1890	23.932	82	258	295	234	49.3	6.54e-08
CJJ81176_RS01625	b3863	35.870	99	879	928	920	522	6.58e-173
CJJ81176_RS01630	b3523	38.095	9	453	440	42	39.7	3.43e-04
CJJ81176_RS01635	b0651	23.344	92	335	311	317	75.1	2.72e-16
CJJ81176_RS01640	b2689	29.927	93	147	142	137	65.1	3.44e-15
CJJ81176_RS01645	b4058	51.444	97	941	940	935	904	0.0
CJJ81176_RS01650	b2327	26.531	19	261	269	49	28.5	0.46
CJJ81176_RS01655	b0491	30.303	80	41	259	33	20.4	7.0
CJJ81176_RS01660	b1264	33.423	82	416	520	371	166	3.42e-47
CJJ81176_RS01665	b1263	34.156	90	533	531	486	234	1.80e-71
CJJ81176_RS01670	b1262	30.653	97	199	453	199	89.7	5.10e-22
CJJ81176_RS01675	b1261	51.429	98	392	397	385	397	2.25e-138
CJJ81176_RS01680	b1260	28.821	90	249	268	229	115	4.09e-32
CJJ81176_RS01685	b0354	34.884	31	140	179	43	23.9	4.3
CJJ81176_RS01690	b1946	35.556	88	102	137	90	61.6	2.03e-14
CJJ81176_RS01695	b2527	31.148	22	265	171	61	25.0	5.0
CJJ81176_RS01700	b3779	25.000	85	486	494	424	101	6.88e-24
CJJ81176_RS01705	b2562	44.706	98	81	86	85	67.0	1.95e-17
CJJ81176_RS01710	b0571	29.018	99	223	227	224	118	8.50e-34
CJJ81176_RS01715	b2622	24.419	81	105	413	86	31.2	0.008
CJJ81176_RS01720	b3059	28.788	95	202	205	198	75.5	5.34e-18
CJJ81176_RS01725	b3518	43.321	77	341	465	277	204	8.40e-63
CJJ81176_RS01730	b3176	42.191	95	445	445	429	320	8.66e-107
CJJ81176_RS01735	b0027	34.167	73	156	164	120	63.9	1.90e-14
CJJ81176_RS01740	b2965	27.027	44	150	711	74	28.5	0.17
CJJ81176_RS01745	b2955	24.549	58	448	378	277	86.7	2.01e-19
CJJ81176_RS01750	b0271	33.333	33	83	536	27	24.3	1.2
CJJ81176_RS01755	b0572	26.974	92	492	457	456	172	4.37e-49
CJJ81176_RS01760	b2470	42.885	98	1040	1037	1033	860	0.0
CJJ81176_RS01765	b3265	31.638	94	367	385	354	164	6.84e-48
CJJ81176_RS01770	b1111	42.222	21	210	210	45	46.6	2.28e-07
CJJ81176_RS01775	b0992	20.172	48	458	357	233	47.0	1.48e-06
CJJ81176_RS01780	b3065	48.333	86	70	71	60	51.2	1.77e-11
CJJ81176_RS01790	b3918	28.395	36	201	251	81	29.3	0.17
CJJ81176_RS01795	b3038	31.070	95	389	386	383	162	5.84e-47
CJJ81176_RS01800	b2913	29.371	90	311	410	286	115	2.54e-30
CJJ81176_RS01805	b0426	40.625	97	163	163	160	110	2.16e-32
CJJ81176_RS01810	b3835	23.741	87	158	546	139	28.5	0.21
CJJ81176_RS01815	b2151	38.462	9	274	346	26	27.3	1.0
CJJ81176_RS01820	b3178	28.505	36	570	644	214	75.9	2.50e-15
CJJ81176_RS01825	b1972	25.294	80	190	211	170	40.4	2.51e-05
CJJ81176_RS01830	b1971	57.471	85	297	334	261	317	6.03e-109
CJJ81176_RS01835	b1281	34.685	97	226	245	222	127	6.34e-37
CJJ81176_RS01840	b0416	35.833	89	132	139	120	68.2	1.57e-16
CJJ81176_RS01845	b0415	50.968	100	154	156	155	157	5.32e-51
CJJ81176_RS01850	b1215	44.944	97	271	284	267	236	2.73e-78
CJJ81176_RS01855	b3943	27.869	20	310	301	61	28.9	0.40
CJJ81176_RS01860	b2511	32.594	97	460	490	451	235	5.00e-73
CJJ81176_RS01865	b3390	33.125	92	165	173	160	93.6	1.51e-25
CJJ81176_RS01870	b3384	38.602	99	319	334	329	206	1.37e-65
CJJ81176_RS01875	b0893	47.307	100	411	430	427	378	4.69e-130
CJJ81176_RS01880	b3078	34.545	6	820	477	55	31.2	0.34
CJJ81176_RS01885	b2036	44.828	14	211	367	29	30.8	0.064
CJJ81176_RS01890	b1676	37.684	97	480	470	475	287	5.77e-93
CJJ81176_RS01895	b2210	24.481	99	448	548	482	82.0	1.41e-17
CJJ81176_RS01900	b3244	21.649	36	209	481	97	27.7	0.62
CJJ81176_RS01905	b3897	29.268	43	96	582	41	25.0	1.1
CJJ81176_RS01910	b0904	24.444	14	332	285	45	30.0	0.19
CJJ81176_RS01915	b3068	22.115	54	192	168	104	25.8	1.8
CJJ81176_RS01920	b1241	44.444	47	94	891	45	28.5	0.062
CJJ81176_RS01925	b2313	27.500	64	187	162	120	35.4	8.35e-04
CJJ81176_RS01930	b0683	42.105	83	157	148	133	103	9.99e-30
CJJ81176_RS01935	b2890	48.577	97	501	505	492	462	2.41e-160
CJJ81176_RS01940	b2551	55.718	99	414	417	411	468	1.30e-165
CJJ81176_RS01945	b3818	35.556	25	180	126	45	25.8	1.1
CJJ81176_RS01955	b2314	39.583	16	278	220	48	28.1	0.62
CJJ81176_RS01960	b3281	29.927	99	262	272	274	109	1.29e-29
CJJ81176_RS01965	b2778	34.043	16	299	290	47	26.2	2.7
CJJ81176_RS01970	b2828	31.915	94	271	291	282	126	1.37e-35
CJJ81176_RS01975	b2604	26.966	33	260	408	89	30.0	0.15
CJJ81176_RS01980	b0723	34.258	91	663	588	613	315	3.35e-100
CJJ81176_RS01985	b4153	30.455	91	241	244	220	118	1.52e-33
CJJ81176_RS01990	b4109	23.784	21	728	742	185	44.3	2.50e-05
CJJ81176_RS01995	b4109	31.034	14	609	742	87	42.7	6.66e-05
CJJ81176_RS02000	b0644	25.248	85	234	325	202	47.8	1.79e-07
CJJ81176_RS02005	b2230	45.833	10	242	562	24	25.8	3.3
CJJ81176_RS02010	b1699	25.000	14	573	429	88	39.7	4.75e-04
CJJ81176_RS02020	b1888	34.286	56	63	557	35	25.4	0.30
CJJ81176_RS02025	b4243	37.209	17	241	128	43	30.4	0.041
CJJ81176_RS02030	b2184	30.435	31	120	586	46	26.6	0.50
CJJ81176_RS02035	b1056	35.751	100	190	191	193	102	1.82e-28
CJJ81176_RS02040	b1750	43.590	12	318	236	39	27.7	0.87
CJJ81176_RS02045	b0820	42.286	99	525	530	525	443	2.27e-152
CJJ81176_RS02050	b3132	27.536	59	111	426	69	26.2	0.50
CJJ81176_RS02055	b0809	45.833	19	127	240	24	27.3	0.27
CJJ81176_RS02060	b3848	38.596	56	194	204	114	55.8	9.09e-11
CJJ81176_RS02065	b2257	28.070	14	408	550	57	33.9	0.018
CJJ81176_RS02070	b0622	26.316	22	245	186	57	27.7	0.62
CJJ81176_RS02100	b0088	28.042	86	402	438	378	117	3.39e-30
CJJ81176_RS02105	b0087	42.241	98	353	360	348	285	3.73e-95
CJJ81176_RS02110	b3612	40.755	99	492	514	503	378	1.68e-127
CJJ81176_RS02120	b1093	46.371	100	247	244	248	207	2.81e-68
CJJ81176_RS02125	b4263	38.889	26	136	500	36	28.5	0.13
CJJ81176_RS02130	b4154	36.447	87	611	602	546	335	3.89e-108
CJJ81176_RS02135	b4153	29.365	75	321	244	252	94.4	1.44e-23
CJJ81176_RS02140	b2243	24.074	91	285	396	270	41.2	5.14e-05
CJJ81176_RS02145	b2335	31.250	36	222	170	80	26.9	0.73
CJJ81176_RS02150	b1094	45.455	99	77	78	77	72.8	8.52e-20
CJJ81176_RS02155	b1095	52.195	99	404	413	410	390	2.89e-135
CJJ81176_RS02160	b0185	48.408	98	312	319	314	299	4.45e-102
CJJ81176_RS02165	b2155	29.326	94	684	663	682	223	1.38e-64
CJJ81176_RS02170	b2467	29.752	61	198	191	121	66.6	9.09e-15
CJJ81176_RS02175	b1421	44.444	33	365	546	126	83.2	2.69e-18
CJJ81176_RS02180	b1426	42.647	93	71	74	68	50.1	5.44e-11
CJJ81176_RS02185	b3637	50.000	95	64	78	62	62.4	4.96e-16
CJJ81176_RS02190	b3386	42.523	99	215	225	214	186	2.82e-60
CJJ81176_RS02195	b0215	25.824	66	253	243	182	42.4	1.03e-05
CJJ81176_RS02200	b3994	41.150	97	430	631	452	351	1.23e-116
CJJ81176_RS02205	b0451	25.641	45	172	428	78	33.1	0.007
CJJ81176_RS02210	b3377	41.667	14	175	434	24	25.0	3.2
CJJ81176_RS02215	b3472	29.412	18	319	185	68	29.3	0.23
CJJ81176_RS02220	b2836	22.105	44	209	719	95	31.2	0.052
CJJ81176_RS02225	b0661	36.961	99	433	474	441	295	1.46e-96
CJJ81176_RS02230	b1267	35.897	48	80	206	39	26.2	0.25
CJJ81176_RS02235	b3169	31.045	90	362	495	335	154	1.36e-43
CJJ81176_RS02240	b1423	37.500	10	395	447	40	28.9	0.61
CJJ81176_RS02245	b0367	26.316	22	348	275	76	29.3	0.36
CJJ81176_RS02250	b0168	30.189	12	406	264	53	28.9	0.58
CJJ81176_RS02255	b3652	34.499	66	607	693	429	186	7.92e-52
CJJ81176_RS02260	b4394	32.308	51	127	170	65	29.6	0.036
CJJ81176_RS02265	b3357	23.404	89	198	210	188	57.0	3.98e-11
CJJ81176_RS02270	b1918	32.727	94	233	222	220	115	7.00e-33
CJJ81176_RS02275	b0654	25.333	97	218	246	225	80.5	2.15e-19
CJJ81176_RS02280	b3271	52.521	97	245	252	238	270	7.65e-93
CJJ81176_RS02305	b3980	73.116	99	399	394	398	592	0.0
CJJ81176_RS02310	b3636	48.571	67	52	55	35	38.5	5.95e-07
CJJ81176_RS02320	b3981	30.769	88	59	127	52	33.1	2.58e-04
CJJ81176_RS02325	b3982	41.040	97	177	181	173	155	1.49e-49
CJJ81176_RS02330	b3983	61.972	100	141	142	142	173	1.10e-57
CJJ81176_RS02335	b3984	50.218	98	233	234	229	223	1.66e-74
CJJ81176_RS02340	b3985	30.625	97	159	165	160	67.0	1.60e-15
CJJ81176_RS02345	b3986	56.000	100	125	121	125	106	7.31e-32
CJJ81176_RS02350	b3987	47.775	99	1378	1342	1371	1242	0.0
CJJ81176_RS02355	b3988	53.982	92	1517	1407	1017	1137	0.0
CJJ81176_RS02355	b3988	38.283	92	1517	1407	431	277	1.47e-76
CJJ81176_RS02360	b3342	75.806	97	128	124	124	198	4.25e-68
CJJ81176_RS02365	b3341	58.065	99	156	179	155	192	1.10e-64
CJJ81176_RS02370	b3340	65.100	99	691	704	702	931	0.0
CJJ81176_RS02380	b1075	30.769	53	49	231	26	22.3	1.7
CJJ81176_RS02385	b4371	30.952	36	233	343	84	58.9	3.38e-11
CJJ81176_RS02390	b3720	29.412	41	124	538	51	24.6	2.5
CJJ81176_RS02395	b2257	29.508	14	425	550	61	27.3	2.4
CJJ81176_RS02400	b1262	39.512	79	258	453	205	147	1.23e-42
CJJ81176_RS02405	b0902	27.273	44	161	246	77	29.6	0.068
CJJ81176_RS02410	b0503	31.381	69	334	364	239	103	7.29e-26
CJJ81176_RS08925	b3147	31.034	8	658	678	58	28.5	1.7
CJJ81176_RS02430	b0553	26.087	27	553	365	161	35.0	0.012
CJJ81176_RS02440	b2464	28.261	15	576	316	92	28.9	0.83
CJJ81176_RS02445	b0475	21.543	96	309	320	311	80.9	2.28e-18
CJJ81176_RS02450	b1068	26.897	49	288	307	145	59.7	3.49e-11
CJJ81176_RS02455	b2253	29.700	95	357	385	367	147	1.00e-41
CJJ81176_RS02460	b2697	47.796	98	842	876	862	751	0.0
CJJ81176_RS02465	b3248	26.286	96	183	197	175	65.1	2.69e-14
CJJ81176_RS02470	b0149	32.767	89	643	799	589	266	5.01e-80
CJJ81176_RS02475	b2592	47.902	99	857	857	858	807	0.0
CJJ81176_RS02480	b2105	32.979	95	96	90	94	44.7	1.86e-08
CJJ81176_RS02485	b1830	30.499	70	444	682	341	132	3.14e-34
CJJ81176_RS02490	b2476	43.162	99	236	237	234	188	1.01e-60
CJJ81176_RS02495	b1956	30.952	49	81	564	42	24.3	1.3
CJJ81176_RS02500	b2557	26.957	90	215	1295	230	63.5	1.18e-12
CJJ81176_RS02505	b0471	33.333	7	398	109	27	26.2	2.0
CJJ81176_RS02510	b3018	25.217	50	230	245	115	47.4	2.07e-07
CJJ81176_RS02515	b0624	40.909	88	122	127	110	68.2	8.57e-17
CJJ81176_RS02520	b0473	43.639	99	608	624	621	504	1.34e-173
CJJ81176_RS02525	b0503	23.200	89	105	364	125	30.4	0.018
CJJ81176_RS02530	b2218	35.897	27	144	949	39	26.9	0.68
CJJ81176_RS02535	b4020	25.434	58	589	543	346	71.6	4.56e-14
CJJ81176_RS02540	b0084	25.814	71	602	588	430	138	1.15e-35
CJJ81176_RS02545	b1937	42.857	29	98	104	28	31.2	0.004
CJJ81176_RS02550	b1074	32.919	98	164	134	161	88.2	5.26e-24
CJJ81176_RS02555	b1073	30.159	85	143	138	126	55.1	2.00e-11
CJJ81176_RS02560	b1097	37.714	51	333	340	175	97.1	8.19e-24
CJJ81176_RS02565	b3578	30.769	5	856	425	52	29.3	1.2
CJJ81176_RS02570	b3713	29.114	11	734	188	79	33.5	0.024
CJJ81176_RS02575	b3236	25.312	95	300	312	320	62.4	4.12e-12
CJJ81176_RS02580	b0728	45.596	99	387	388	386	338	2.43e-115
CJJ81176_RS02585	b0729	59.028	99	289	289	288	331	1.50e-115
CJJ81176_RS02590	b2281	28.571	77	103	180	84	37.0	5.29e-05
CJJ81176_RS02595	b0077	25.773	26	374	574	97	35.0	0.007
CJJ81176_RS02600	b0507	27.869	39	281	593	122	40.0	1.34e-04
CJJ81176_RS02605	b3942	27.174	49	185	726	92	29.3	0.17
CJJ81176_RS02610	b0620	35.714	44	87	226	42	23.9	1.7
CJJ81176_RS02615	b0470	25.373	38	178	643	67	25.8	2.0
CJJ81176_RS02620	b3187	34.545	86	297	323	275	157	4.02e-47
CJJ81176_RS02625	b1210	31.830	89	432	418	399	167	4.42e-48
CJJ81176_RS02630	b0194	45.517	99	569	572	580	497	3.47e-172
CJJ81176_RS02635	b0047	25.581	63	129	620	86	33.5	0.002
CJJ81176_RS02640	b3805	48.675	98	307	313	302	275	9.95e-93
CJJ81176_RS02645	b3843	33.624	74	600	497	458	259	1.22e-80
CJJ81176_RS02650	b4474	30.952	33	121	276	42	25.0	1.7
CJJ81176_RS02655	b1924	25.952	63	642	468	420	84.7	3.25e-18
CJJ81176_RS02660	b1925	31.304	83	128	136	115	42.7	5.43e-07
CJJ81176_RS02665	b3633	25.455	60	91	425	55	24.3	1.5
CJJ81176_RS02670	b4147	45.699	98	189	188	186	178	2.53e-58
CJJ81176_RS02675	b1528	33.750	32	230	396	80	27.3	0.85
CJJ81176_RS02680	b3947	35.211	21	317	833	71	31.2	0.11
CJJ81176_RS02685	b1336	33.333	10	334	508	33	27.7	1.3
CJJ81176_RS02690	b1309	26.389	16	430	559	72	29.3	0.56
CJJ81176_RS02695	b0064	26.667	17	265	292	45	30.4	0.10
CJJ81176_RS02700	b3358	27.536	37	361	700	138	39.7	2.45e-04
CJJ81176_RS02705	b0243	38.329	98	410	417	407	301	6.99e-100
CJJ81176_RS02710	b0606	27.068	78	311	521	266	50.4	7.42e-08
CJJ81176_RS02715	b1985	24.841	58	442	547	157	45.4	5.51e-06
CJJ81176_RS02715	b1985	21.359	58	442	547	103	28.5	0.92
CJJ81176_RS02720	b0517	55.556	6	309	349	18	26.9	1.6
CJJ81176_RS02725	b4052	35.808	96	458	471	458	270	1.07e-86
CJJ81176_RS02730	b2487	21.239	50	200	555	113	30.4	0.086
CJJ81176_RS02735	b0787	30.645	87	68	237	62	23.9	1.2
CJJ81176_RS02740	b2710	31.818	20	225	479	44	28.9	0.32
CJJ81176_RS02745	b2155	25.373	23	288	663	67	31.2	0.097
CJJ81176_RS02750	b4311	26.667	33	260	238	90	27.7	0.71
CJJ81176_RS02755	b1783	28.125	21	154	644	32	24.6	3.4
CJJ81176_RS02760	b4309	30.556	36	101	326	36	28.1	0.10
CJJ81176_RS02770	b3288	40.741	9	290	315	27	25.0	6.2
CJJ81176_RS02785	b3041	45.545	59	339	217	202	191	1.24e-60
CJJ81176_RS02790	b1339	50.000	14	147	302	20	24.6	2.9
CJJ81176_RS02795	b0077	46.678	99	566	574	572	546	0.0
CJJ81176_RS02800	b0078	40.645	97	154	163	155	107	4.38e-31
CJJ81176_RS02805	b0179	34.132	99	321	341	334	180	2.33e-55
CJJ81176_RS02810	b0405	38.968	99	342	356	349	236	1.26e-76
CJJ81176_RS02815	b3839	34.553	99	245	258	246	145	1.65e-43
CJJ81176_RS02820	b3838	23.158	67	135	171	95	42.4	1.40e-06
CJJ81176_RS02825	b2955	34.948	77	355	378	289	152	5.60e-44
CJJ81176_RS02830	b2830	36.875	96	156	176	160	99.0	8.77e-28
CJJ81176_RS02835	b0002	30.736	98	400	820	462	174	9.18e-49
CJJ81176_RS02840	b0199	26.000	28	178	343	50	26.6	1.2
CJJ81176_RS02845	b0470	35.484	31	199	643	62	35.0	0.002
CJJ81176_RS02850	b3177	35.036	71	380	282	274	159	4.90e-47
CJJ81176_RS02855	b2411	39.692	96	647	671	650	419	2.72e-139
CJJ81176_RS02865	b2218	43.478	9	253	949	23	28.1	0.76
CJJ81176_RS02870	b0025	27.778	92	284	313	288	91.3	2.89e-22
CJJ81176_RS02875	b1870	35.983	99	236	247	239	148	5.37e-45
CJJ81176_RS02880	b4155	30.952	58	73	325	42	24.6	0.70
CJJ81176_RS02885	b1944	33.333	25	146	154	36	32.7	0.004
CJJ81176_RS02890	b3646	58.794	95	210	205	199	221	1.09e-74
CJJ81176_RS02895	b1278	26.415	25	216	254	53	28.1	0.41
CJJ81176_RS02900	b1633	39.706	98	208	211	204	150	9.82e-47
CJJ81176_RS02905	b0441	30.519	53	273	623	154	68.9	4.40e-14
CJJ81176_RS02910	b2925	64.789	99	354	359	355	479	6.32e-172
CJJ81176_RS02915	b0852	29.730	15	480	300	74	26.9	2.6
CJJ81176_RS02920	b3552	29.365	38	317	219	126	43.9	3.94e-06
CJJ81176_RS02925	b1919	26.500	61	291	328	200	37.7	5.85e-04
CJJ81176_RS02930	b0080	18.182	24	447	334	121	28.5	1.1
CJJ81176_RS02935	b3910	29.469	91	222	224	207	90.1	4.14e-23
CJJ81176_RS02940	b4136	28.620	99	567	565	594	257	2.43e-79
CJJ81176_RS02945	b2132	28.571	24	294	765	77	28.9	0.46
CJJ81176_RS02950	b1338	30.704	85	396	436	355	100	4.48e-24
CJJ81176_RS02955	b0878	31.347	98	390	371	386	196	2.64e-60
CJJ81176_RS02960	b0879	44.304	98	641	648	632	527	0.0
CJJ81176_RS02965	b0572	21.173	80	456	457	392	82.0	1.09e-17
CJJ81176_RS02970	b0209	34.091	10	392	266	44	28.5	0.66
CJJ81176_RS02975	b4016	34.483	9	336	578	29	26.6	2.8
CJJ81176_RS02980	b4129	22.917	20	458	505	96	28.9	0.77
CJJ81176_RS02985	b1905	47.205	96	167	165	161	162	7.77e-53
CJJ81176_RS02990	b4119	32.258	9	331	451	31	26.9	2.3
CJJ81176_RS02995	b3727	28.710	96	304	319	310	103	1.95e-26
CJJ81176_RS03000	b3726	30.093	60	362	296	216	93.2	1.57e-22
CJJ81176_RS03005	b3725	49.590	98	246	257	244	249	1.53e-84
CJJ81176_RS09085	b0239	24.324	18	203	414	37	25.0	3.9
CJJ81176_RS09090	b2220	21.429	42	215	461	98	28.5	0.40
CJJ81176_RS03015	b1985	22.551	97	438	547	439	89.0	7.00e-20
CJJ81176_RS03020	b3085	33.333	17	215	167	36	30.4	0.057
CJJ81176_RS03025	b0577	27.119	11	506	415	59	28.1	1.4
CJJ81176_RS03030	b2712	31.836	99	728	750	757	329	7.96e-103
CJJ81176_RS03035	b2727	46.552	93	247	290	232	218	1.35e-71
CJJ81176_RS03040	b2728	33.333	77	93	90	78	46.6	3.27e-09
CJJ81176_RS03045	b2729	41.304	99	363	373	368	337	1.44e-115
CJJ81176_RS03050	b2730	41.056	100	324	336	341	238	1.23e-77
CJJ81176_RS03055	b2726	28.571	97	114	116	112	57.0	9.37e-13
CJJ81176_RS03065	b3995	33.333	14	322	158	48	28.1	0.55
CJJ81176_RS03070	b4179	30.293	84	644	813	581	229	3.74e-66
CJJ81176_RS03075	b3774	35.540	91	340	491	287	157	4.40e-45
CJJ81176_RS03075	b3774	26.705	91	340	491	176	59.7	8.60e-11
CJJ81176_RS03080	b3614	34.483	54	360	319	203	106	3.96e-27
CJJ81176_RS03085	b4473	32.804	71	257	374	189	98.2	1.21e-24
CJJ81176_RS03090	b2949	34.074	96	127	138	135	49.3	2.15e-09
CJJ81176_RS03095	b1835	35.766	93	279	479	274	123	3.86e-33
CJJ81176_RS03100	b4219	39.869	88	165	212	153	115	1.12e-33
CJJ81176_RS03105	b4226	54.938	93	172	176	162	174	2.55e-57
CJJ81176_RS03110	b0474	25.346	94	192	214	217	68.6	2.14e-15
CJJ81176_RS03115	b1866	51.107	99	583	590	587	595	0.0
CJJ81176_RS03120	b2615	34.335	79	286	292	233	134	1.56e-38
CJJ81176_RS03125	b2616	22.822	96	507	553	574	101	8.46e-24
CJJ81176_RS03130	b1341	31.250	31	414	410	128	69.7	5.90e-14
CJJ81176_RS03135	b1100	35.000	94	271	265	260	163	2.45e-50
CJJ81176_RS03140	b0211	28.383	78	372	452	303	124	7.51e-33
CJJ81176_RS03140	b0211	25.210	78	372	452	119	35.8	0.004
CJJ81176_RS03145	b0633	40.659	33	275	362	91	75.1	2.30e-16
CJJ81176_RS03150	b3198	39.865	90	162	188	148	95.5	3.56e-26
CJJ81176_RS03155	b0177	34.921	33	171	810	63	27.7	0.50
CJJ81176_RS03160	b3200	28.866	57	153	185	97	35.0	7.99e-04
CJJ81176_RS03165	b3865	37.209	82	198	210	172	116	1.67e-33
CJJ81176_RS03170	b2024	26.471	21	164	245	34	24.3	4.6
CJJ81176_RS03175	b0635	32.616	99	601	633	604	313	9.08e-100
CJJ81176_RS03180	b2385	29.070	42	596	361	258	80.1	4.93e-17
CJJ81176_RS03185	b1634	31.944	27	517	500	144	83.2	7.26e-18
CJJ81176_RS03195	b4130	34.426	36	509	485	183	134	3.26e-35
CJJ81176_RS03200	b2451	30.159	33	182	467	63	27.3	0.65
CJJ81176_RS03205	b0029	25.926	13	368	316	54	26.9	2.0
CJJ81176_RS03210	b2566	33.564	98	291	301	289	150	1.88e-44
CJJ81176_RS03215	b3931	48.643	99	439	443	442	420	9.40e-146
CJJ81176_RS03220	b3932	53.049	91	180	176	164	180	1.72e-59
CJJ81176_RS03225	b4203	30.000	100	147	149	150	61.2	1.14e-13
CJJ81176_RS03230	b3172	28.261	96	406	447	414	124	2.58e-32
CJJ81176_RS03235	b3400	37.500	59	81	133	48	35.0	1.32e-04
CJJ81176_RS03240	b4168	33.750	59	135	153	80	53.5	9.03e-11
CJJ81176_RS03245	b3201	53.498	99	242	241	243	254	9.03e-87
CJJ81176_RS03250	b3202	28.870	99	416	477	478	166	1.66e-47
CJJ81176_RS03255	b4123	69.163	95	474	446	454	565	0.0
CJJ81176_RS08940	b3667	61.111	29	62	439	18	26.9	0.081
CJJ81176_RS03265	b0698	42.505	93	563	557	527	407	2.80e-137
CJJ81176_RS03270	b0697	57.290	98	681	682	679	738	0.0
CJJ81176_RS03275	b0696	32.143	97	202	190	196	111	9.11e-32
CJJ81176_RS03280	b0695	34.227	94	642	894	634	358	1.67e-113
CJJ81176_RS03285	b0779	50.977	99	657	673	665	661	0.0
CJJ81176_RS03290	b2994	26.531	61	76	567	49	23.5	2.1
CJJ81176_RS03295	b4045	34.615	33	80	69	26	24.6	0.41
CJJ81176_RS03300	b0108	43.478	16	145	146	23	26.2	0.80
CJJ81176_RS03305	b3935	32.717	81	617	732	541	278	3.07e-85
CJJ81176_RS03310	b4391	25.676	15	464	555	74	26.6	4.2
CJJ81176_RS03315	b2515	41.739	96	357	372	345	273	2.56e-90
CJJ81176_RS03320	b1079	29.586	72	232	232	169	81.3	1.45e-19
CJJ81176_RS03325	b2297	46.240	67	501	714	359	319	4.00e-102
CJJ81176_RS03330	b2296	45.750	98	396	400	400	314	1.43e-105
CJJ81176_RS03335	b0183	34.783	4	1250	198	46	27.3	5.1
CJJ81176_RS03340	b2213	26.984	39	163	354	63	27.3	0.44
CJJ81176_RS03345	b4159	20.690	41	312	1107	145	29.6	0.30
CJJ81176_RS03350	b0082	32.686	95	312	313	309	146	1.22e-42
CJJ81176_RS03355	b0441	21.542	80	496	623	441	68.2	4.91e-13
CJJ81176_RS03360	b0094	27.749	80	462	420	382	177	1.25e-51
CJJ81176_RS03365	b0095	39.444	93	370	383	360	236	5.68e-76
CJJ81176_RS03370	b1078	28.409	93	270	260	264	81.6	2.81e-19
CJJ81176_RS03375	b1078	46.360	99	263	260	261	244	2.62e-82
CJJ81176_RS03380	b3870	50.641	98	476	469	468	460	1.24e-160
CJJ81176_RS03385	b0888	35.526	31	231	321	76	28.9	0.32
CJJ81176_RS03390	b2081	34.406	86	417	453	404	216	8.17e-67
CJJ81176_RS03395	b0523	54.545	87	164	169	143	119	1.42e-35
CJJ81176_RS03400	b4125	28.125	33	178	543	64	28.1	0.41
CJJ81176_RS03405	b3560	66.071	97	287	303	280	377	1.87e-133
CJJ81176_RS03410	b0710	23.280	74	241	247	189	53.1	2.41e-09
CJJ81176_RS03415	b3418	24.000	32	238	901	75	26.9	1.3
CJJ81176_RS03420	b3633	28.693	83	385	425	352	134	1.56e-36
CJJ81176_RS03425	b2791	25.397	63	250	260	189	78.6	3.04e-18
CJJ81176_RS03430	b2610	42.381	93	445	453	420	322	2.07e-107
CJJ81176_RS03435	b2609	45.946	96	75	82	74	77.0	1.89e-21
CJJ81176_RS03440	b3253	38.462	43	80	324	39	24.6	0.99
CJJ81176_RS03445	b2608	23.077	91	179	182	169	55.8	4.21e-11
CJJ81176_RS03450	b2607	34.211	97	234	255	228	166	5.54e-52
CJJ81176_RS03455	b2606	50.909	93	118	115	110	109	2.21e-33
CJJ81176_RS03460	b1970	38.889	91	137	137	126	92.8	4.05e-26
CJJ81176_RS03465	b3178	33.333	14	446	644	63	32.3	0.070
CJJ81176_RS03470	b2471	31.959	85	109	118	97	53.1	3.23e-11
CJJ81176_RS08945	b3544	44.000	37	68	535	25	25.8	0.22
CJJ81176_RS03475	b0184	40.018	89	1200	1160	1087	783	0.0
CJJ81176_RS03480	b2951	33.816	94	210	234	207	95.5	3.59e-25
CJJ81176_RS03485	b1923	27.338	51	249	498	139	35.0	0.004
CJJ81176_RS03490	b2632	15.663	53	156	287	83	25.8	1.5
CJJ81176_RS03495	b1212	26.909	97	271	277	275	82.4	2.21e-19
CJJ81176_RS03500	b1829	26.291	49	395	293	213	58.9	1.16e-10
CJJ81176_RS03505	b1868	36.842	31	61	272	19	22.7	2.0
CJJ81176_RS03510	b0009	50.532	98	180	195	188	192	7.33e-64
CJJ81176_RS03515	b3816	31.457	92	327	316	302	167	1.65e-50
CJJ81176_RS03520	b3917	26.901	47	348	329	171	58.9	1.11e-10
CJJ81176_RS03525	b0674	26.027	16	441	554	73	28.5	0.95
CJJ81176_RS03530	b2995	26.230	21	269	392	61	27.3	1.2
CJJ81176_RS03535	b0856	25.893	79	279	317	224	54.3	2.10e-09
CJJ81176_RS03540	b1124	25.234	81	259	264	214	57.0	1.59e-10
CJJ81176_RS03545	b1126	47.347	74	329	378	245	254	2.84e-83
CJJ81176_RS03550	b1088	26.829	19	212	173	41	29.3	0.12
CJJ81176_RS03555	b2310	32.103	99	251	260	271	112	4.32e-31
CJJ81176_RS03560	b3543	31.250	20	240	339	48	30.0	0.13
CJJ81176_RS03565	b0358	23.871	22	642	257	155	31.6	0.15
CJJ81176_RS03570	b3203	27.778	25	144	95	36	27.3	0.17
CJJ81176_RS03575	b0839	28.767	15	481	400	73	28.1	1.6
CJJ81176_RS03580	b0696	30.769	17	309	190	52	29.6	0.20
CJJ81176_RS03585	b2965	50.000	4	508	711	20	26.6	5.2
CJJ81176_RS03615	b2411	29.730	19	393	671	74	28.5	0.97
CJJ81176_RS03620	b3884	23.529	26	263	261	68	31.6	0.039
CJJ81176_RS03625	b2614	34.375	89	176	197	160	86.3	2.39e-22
CJJ81176_RS03630	b0014	56.940	100	623	638	634	699	0.0
CJJ81176_RS03635	b4349	26.687	48	636	529	326	83.2	1.34e-17
CJJ81176_RS03640	b4348	23.558	65	422	464	208	44.3	9.97e-06
CJJ81176_RS03640	b4348	22.727	65	422	464	286	40.8	1.48e-04
CJJ81176_RS03645	b3727	26.718	57	221	319	131	29.3	0.18
CJJ81176_RS03650	b1538	27.632	19	329	681	76	29.3	0.47
CJJ81176_RS03655	b4350	24.686	23	971	1170	239	38.9	0.002
CJJ81176_RS03660	b4192	23.810	50	343	354	189	36.2	0.002
CJJ81176_RS03665	b0679	32.203	49	113	648	59	25.0	1.4
CJJ81176_RS03670	b2290	26.893	95	389	405	383	140	7.83e-39
CJJ81176_RS03675	b3607	41.358	76	212	273	162	134	1.08e-39
CJJ81176_RS03680	b2938	35.285	96	611	658	615	351	9.81e-114
CJJ81176_RS03685	b2514	38.329	98	408	424	407	289	2.50e-95
CJJ81176_RS03690	b1098	28.230	91	192	213	209	77.0	1.41e-18
CJJ81176_RS03695	b3634	47.945	92	158	159	146	164	1.63e-53
CJJ81176_RS03700	b2311	34.921	99	187	189	189	119	3.86e-35
CJJ81176_RS03705	b0833	36.207	26	220	782	58	26.2	2.2
CJJ81176_RS03710	b0197	39.462	85	258	271	223	153	1.41e-46
CJJ81176_RS03715	b3661	47.577	87	256	272	227	187	7.17e-60
CJJ81176_RS03720	b0197	45.175	87	257	271	228	200	1.25e-64
CJJ81176_RS03725	b0198	44.571	58	303	217	175	136	7.41e-40
CJJ81176_RS03730	b0199	38.068	99	336	343	352	232	3.42e-75
CJJ81176_RS03735	b4258	38.019	98	870	951	939	640	0.0
CJJ81176_RS03740	b1655	25.926	16	339	271	54	28.1	0.89
CJJ81176_RS03745	b3813	28.921	98	676	720	695	230	7.48e-67
CJJ81176_RS03750	b1225	26.506	62	246	512	166	33.9	0.008
CJJ81176_RS03755	b1324	44.231	88	175	168	156	126	3.29e-38
CJJ81176_RS03760	b2206	51.296	99	923	828	926	868	0.0
CJJ81176_RS03765	b2205	47.162	90	246	231	229	211	8.29e-70
CJJ81176_RS03770	b2204	34.921	95	260	287	252	160	6.39e-49
CJJ81176_RS03775	b2203	38.144	56	174	149	97	79.0	4.23e-20
CJJ81176_RS03780	b2976	29.213	28	304	723	89	28.1	0.85
CJJ81176_RS03785	b2207	22.667	65	112	87	75	36.6	3.93e-05
CJJ81176_RS03790	b4020	66.667	26	57	543	15	23.5	1.2
CJJ81176_RS03795	b1584	32.308	66	82	186	65	24.3	1.3
CJJ81176_RS03800	b1638	26.230	33	163	218	61	27.3	0.46
CJJ81176_RS03805	b3056	35.377	54	372	412	212	107	1.02e-26
CJJ81176_RS03810	b1232	52.381	99	274	280	273	301	5.35e-104
CJJ81176_RS03815	b1680	26.073	70	424	406	303	88.2	5.27e-20
CJJ81176_RS03820	b1719	28.169	23	292	642	71	30.4	0.14
CJJ81176_RS03825	b2219	33.937	63	339	608	221	105	5.28e-26
CJJ81176_RS03830	b4074	25.000	16	424	552	80	29.6	0.38
CJJ81176_RS03835	b0086	21.300	55	475	452	277	54.3	9.82e-09
CJJ81176_RS03840	b3412	31.707	34	239	256	82	38.9	1.27e-04
CJJ81176_RS03845	b2582	44.000	35	71	139	25	28.1	0.037
CJJ81176_RS03850	b0381	25.152	87	346	364	330	112	5.12e-29
CJJ81176_RS03855	b1861	29.703	98	183	203	202	101	4.94e-28
CJJ81176_RS03860	b2697	32.203	9	619	876	59	26.9	4.6
CJJ81176_RS03865	b1069	32.374	84	483	511	417	188	8.38e-55
CJJ81176_RS03870	b0526	35.745	99	462	461	470	297	3.04e-97
CJJ81176_RS03875	b0914	29.739	98	580	582	575	304	5.07e-97
CJJ81176_RS03880	b0945	38.643	93	352	336	339	226	1.64e-72
CJJ81176_RS03885	b1494	28.378	50	416	931	222	84.3	2.18e-18
CJJ81176_RS03890	b2478	38.144	96	298	292	291	211	3.11e-68
CJJ81176_RS03895	b1619	33.858	98	259	255	254	121	2.39e-34
CJJ81176_RS03900	b2148	33.333	33	101	336	33	23.1	5.4
CJJ81176_RS03905	b0927	30.303	92	198	215	198	86.7	4.15e-22
CJJ81176_RS03910	b1740	28.837	79	246	275	215	79.7	1.39e-18
CJJ81176_RS03915	b0915	23.973	81	308	328	292	66.6	1.81e-13
CJJ81176_RS03920	b0004	29.858	87	470	428	422	152	3.46e-42
CJJ81176_RS03925	b0918	39.669	97	239	248	242	172	1.59e-54
CJJ81176_RS03930	b2799	31.707	17	444	382	82	30.0	0.30
CJJ81176_RS03935	b1920	31.050	86	256	266	219	116	2.14e-32
CJJ81176_RS03940	b1948	50.000	93	244	245	228	226	1.02e-75
CJJ81176_RS03945	b3730	37.557	96	429	456	442	256	4.69e-82
CJJ81176_RS03950	b3639	28.497	97	384	406	386	138	4.80e-38
CJJ81176_RS03955	b2926	22.628	65	205	387	137	25.0	4.2
CJJ81176_RS03960	b0174	37.168	98	222	253	226	177	1.35e-56
CJJ81176_RS03965	b2972	24.017	87	258	269	229	46.6	4.80e-07
CJJ81176_RS03970	b4261	22.705	55	341	366	207	45.1	4.16e-06
CJJ81176_RS03975	b2318	27.600	99	241	270	250	84.0	3.15e-20
CJJ81176_RS03980	b3117	43.322	76	403	329	307	229	2.70e-73
CJJ81176_RS03985	b0965	31.538	93	137	137	130	83.6	1.46e-22
CJJ81176_RS03990	b3770	28.571	20	138	309	28	25.0	1.9
CJJ81176_RS03995	b3965	37.892	96	357	366	351	247	2.60e-80
CJJ81176_RS04000	b1924	21.005	34	577	468	219	29.6	0.56
CJJ81176_RS04005	b1539	50.204	98	249	248	245	259	1.64e-88
CJJ81176_RS04010	b0318	40.741	30	408	201	54	32.3	0.032
CJJ81176_RS04010	b0318	35.714	30	408	201	42	29.6	0.26
CJJ81176_RS04010	b0318	18.261	30	408	201	115	27.3	1.5
CJJ81176_RS04015	b0118	60.536	99	848	865	859	1020	0.0
CJJ81176_RS04020	b1335	35.220	92	150	171	159	87.8	1.27e-23
CJJ81176_RS04025	b4314	36.957	13	313	182	46	27.7	0.70
CJJ81176_RS04030	b2114	27.086	99	628	677	683	227	1.71e-66
CJJ81176_RS04035	b1846	41.176	26	65	219	17	22.3	3.1
CJJ81176_RS04040	b4232	32.000	89	280	332	275	122	9.41e-34
CJJ81176_RS04045	b3856	25.000	96	163	175	168	48.5	1.34e-08
CJJ81176_RS04050	b3214	26.136	51	161	254	88	29.6	0.083
CJJ81176_RS04055	b4392	30.168	32	541	645	179	69.3	2.98e-13
CJJ81176_RS04060	b2952	30.882	85	93	188	68	41.2	1.38e-06
CJJ81176_RS04060	b2952	28.986	85	93	188	69	39.7	4.67e-06
CJJ81176_RS04065	b2400	32.809	96	431	471	445	234	2.46e-73
CJJ81176_RS04070	b0164	26.809	59	374	270	235	57.8	2.29e-10
CJJ81176_RS04075	b4160	32.353	97	266	322	272	119	5.63e-33
CJJ81176_RS04080	b1880	41.558	82	93	382	77	57.4	3.45e-12
CJJ81176_RS04085	b2176	48.780	5	749	518	41	30.8	0.37
CJJ81176_RS04090	b0898	26.741	89	395	382	359	95.5	1.17e-22
CJJ81176_RS04095	b2981	33.333	27	167	390	45	26.6	0.99
CJJ81176_RS04100	b2246	36.170	59	109	429	47	29.6	0.034
CJJ81176_RS04100	b2246	29.508	59	109	429	61	24.3	2.5
CJJ81176_RS04105	b0154	48.821	99	424	426	424	425	2.51e-148
CJJ81176_RS04110	b4070	21.622	62	115	478	74	27.7	0.21
CJJ81176_RS04115	b0529	54.545	97	282	288	275	288	8.42e-99
CJJ81176_RS04120	b2568	34.074	86	282	324	270	124	1.99e-34
CJJ81176_RS04125	b0827	30.904	86	386	411	343	182	1.84e-54
CJJ81176_RS04130	b3189	48.571	99	418	419	420	381	3.82e-131
CJJ81176_RS04135	b2610	37.500	27	142	453	40	24.3	3.8
CJJ81176_RS04140	b3660	31.399	99	290	307	293	126	1.84e-35
CJJ81176_RS04145	b3360	38.378	97	188	187	185	157	5.18e-50
CJJ81176_RS04150	b1812	32.180	48	594	453	289	174	2.69e-49
CJJ81176_RS04155	b2894	29.568	81	354	298	301	108	3.32e-28
CJJ81176_RS04160	b3860	29.902	91	220	208	204	60.5	3.20e-12
CJJ81176_RS04165	b1185	28.986	50	269	176	138	52.0	3.59e-09
CJJ81176_RS04170	b2219	34.375	5	620	608	32	32.0	0.14
CJJ81176_RS04175	b3860	23.451	100	213	208	226	55.8	1.43e-10
CJJ81176_RS09160	b0015	27.273	13	328	376	44	28.1	0.90
CJJ81176_RS09100	b2181	44.444	59	46	114	27	24.3	0.32
CJJ81176_RS04200	b4036	30.882	31	210	446	68	27.3	0.85
CJJ81176_RS04205	b2552	34.043	59	80	396	47	25.8	0.37
CJJ81176_RS04210	b2462	26.923	22	348	111	78	25.8	2.3
CJJ81176_RS04215	b1879	39.459	95	724	692	702	491	4.34e-166
CJJ81176_RS04220	b2531	20.896	97	136	162	134	45.4	9.16e-08
CJJ81176_RS04225	b3165	54.545	98	90	89	88	95.5	1.66e-28
CJJ81176_RS04230	b0890	46.521	51	946	1329	503	444	2.52e-138
CJJ81176_RS04235	b1923	27.419	25	750	498	124	40.8	3.20e-04
CJJ81176_RS04235	b1923	26.866	25	750	498	67	29.3	0.97
CJJ81176_RS04250	b0949	35.918	98	643	635	632	370	8.86e-121
CJJ81176_RS04255	b0400	26.728	46	429	431	217	90.1	1.81e-20
CJJ81176_RS04260	b3405	31.416	97	220	239	226	126	6.40e-37
CJJ81176_RS04265	b2913	32.308	80	527	410	325	158	4.23e-44
CJJ81176_RS04265	b2913	22.727	80	527	410	110	29.6	0.60
CJJ81176_RS04270	b3053	27.586	32	162	946	58	26.2	1.2
CJJ81176_RS04275	b0911	33.766	95	556	557	539	279	6.12e-88
CJJ81176_RS04275	b0911	27.018	95	556	557	285	99.8	5.48e-23
CJJ81176_RS04280	b0029	29.210	99	277	316	291	135	1.02e-38
CJJ81176_RS04285	b0908	28.266	95	428	427	421	108	1.20e-26
CJJ81176_RS04290	b1713	27.114	99	773	795	804	226	3.25e-64
CJJ81176_RS04295	b1714	50.920	98	330	327	326	324	1.63e-111
CJJ81176_RS04300	b1103	38.182	88	121	119	110	77.0	2.25e-20
CJJ81176_RS04305	b0424	33.149	92	189	196	181	80.9	3.62e-20
CJJ81176_RS04310	b0479	34.211	64	59	406	38	22.7	2.4
CJJ81176_RS04315	b1918	34.300	81	247	222	207	124	1.07e-35
CJJ81176_RS04320	b0809	50.628	99	242	240	239	256	1.98e-87
CJJ81176_RS04325	b0007	37.684	94	488	476	475	291	3.04e-94
CJJ81176_RS04330	b3606	43.333	95	155	157	150	117	4.29e-35
CJJ81176_RS04335	b1190	24.044	99	328	356	366	85.9	9.29e-20
CJJ81176_RS04340	b0224	31.313	30	325	246	99	48.9	1.05e-07
CJJ81176_RS04345	b2393	22.609	72	156	400	115	27.3	0.52
CJJ81176_RS04350	b0955	45.455	16	139	586	22	24.3	4.0
CJJ81176_RS04355	b2512	25.714	21	150	392	35	26.2	0.95
CJJ81176_RS04360	b3018	36.364	23	186	245	44	30.4	0.056
CJJ81176_RS04365	b2421	36.842	6	299	303	19	24.6	9.9
CJJ81176_RS04370	b0440	44.944	91	98	90	89	82.4	4.08e-23
CJJ81176_RS04375	b4098	23.656	15	610	281	93	28.1	1.6
CJJ81176_RS04380	b1253	41.463	90	137	132	123	111	1.93e-33
CJJ81176_RS04385	b4512	41.304	71	65	65	46	47.8	2.34e-10
CJJ81176_RS04390	b0598	56.153	99	703	701	707	763	0.0
CJJ81176_RS04395	b1207	55.911	99	309	315	313	360	3.80e-126
CJJ81176_RS04400	b0653	32.579	95	219	224	221	108	5.28e-30
CJJ81176_RS04405	b1918	31.429	84	250	222	210	126	1.17e-36
CJJ81176_RS04410	b1920	31.179	98	259	266	263	95.9	1.72e-24
CJJ81176_RS04415	b3271	59.751	99	242	252	241	299	4.75e-104
CJJ81176_RS04420	b1884	25.703	92	262	286	249	94.0	1.10e-23
CJJ81176_RS04425	b1883	32.461	98	184	349	191	105	1.39e-28
CJJ81176_RS04430	b4090	45.714	95	145	149	140	126	3.33e-39
CJJ81176_RS04435	b1784	33.898	54	110	427	59	32.7	0.003
CJJ81176_RS04440	b0469	48.214	92	182	183	168	168	2.14e-54
CJJ81176_RS04445	b2136	29.448	82	198	192	163	84.7	1.43e-21
CJJ81176_RS04450	b4260	40.514	64	483	503	311	224	1.40e-68
CJJ81176_RS04455	b1203	55.163	100	367	363	368	401	9.08e-141
CJJ81176_RS04460	b3960	43.142	97	460	457	452	370	9.41e-126
CJJ81176_RS04465	b3403	57.009	99	524	540	535	625	0.0
CJJ81176_RS04470	b0115	32.203	10	599	630	59	40.0	4.26e-04
CJJ81176_RS04470	b0115	29.310	10	599	630	58	39.3	6.43e-04
CJJ81176_RS04475	b2262	45.161	7	446	285	31	28.9	0.68
CJJ81176_RS04480	b1514	23.770	25	444	342	122	26.2	5.6
CJJ81176_RS04485	b2997	39.286	25	112	372	28	25.0	1.4
CJJ81176_RS04500	b0757	42.857	28	75	382	21	24.3	1.2
CJJ81176_RS04505	b1438	31.250	40	119	138	48	30.8	0.013
CJJ81176_RS04510	b3063	27.184	31	303	487	103	30.4	0.18
CJJ81176_RS04515	b2014	26.000	49	174	452	100	26.9	0.70
CJJ81176_RS04520	b3093	34.211	10	371	432	38	30.0	0.27
CJJ81176_RS04525	b0967	29.245	69	150	396	106	27.7	0.33
CJJ81176_RS04530	b2372	22.791	67	303	314	215	35.0	0.004
CJJ81176_RS04535	b2836	30.199	62	1170	719	755	291	6.82e-86
CJJ81176_RS04540	b3323	38.095	17	126	489	21	25.8	1.1
CJJ81176_RS04580	b0810	37.615	82	261	219	218	129	1.53e-37
CJJ81176_RS04585	b1116	21.622	100	401	399	407	97.1	4.30e-23
CJJ81176_RS04590	b0098	49.562	99	862	901	914	828	0.0
CJJ81176_RS04595	b2254	34.375	19	169	322	32	25.4	2.4
CJJ81176_RS04600	b4310	32.075	21	244	368	53	26.2	2.1
CJJ81176_RS04605	b3465	38.235	8	447	198	34	27.7	1.2
CJJ81176_RS04610	b1655	38.095	9	448	271	42	29.6	0.34
CJJ81176_RS04615	b0219	33.333	20	290	256	57	33.9	0.010
CJJ81176_RS04620	b3915	32.014	94	295	300	278	176	1.81e-54
CJJ81176_RS04625	b3882	24.286	22	325	298	70	28.9	0.50
CJJ81176_RS04630	b1379	25.694	100	144	140	144	40.8	5.11e-06
CJJ81176_RS04635	b1421	23.580	65	530	546	352	77.0	7.12e-16
CJJ81176_RS04640	b4006	44.569	99	510	529	534	429	3.10e-147
CJJ81176_RS04645	b0055	22.749	75	256	271	211	66.6	6.16e-14
CJJ81176_RS04650	b2557	23.671	94	728	1295	790	103	2.31e-23
CJJ81176_RS04655	b3706	34.286	99	442	454	455	233	8.36e-73
CJJ81176_RS04660	b0397	26.230	22	272	1048	61	28.9	0.41
CJJ81176_RS04665	b3705	47.619	44	528	548	231	257	5.79e-80
CJJ81176_RS04670	b4557	31.746	56	113	85	63	52.8	2.10e-11
CJJ81176_RS04675	b3704	27.083	86	108	119	96	30.8	0.008
CJJ81176_RS04680	b3703	65.909	100	44	46	44	45.4	6.48e-10
CJJ81176_RS04685	b4373	27.419	39	159	148	62	30.0	0.035
CJJ81176_RS09165	b3011	29.412	25	202	387	51	28.1	0.47
CJJ81176_RS04695	b0694	51.724	7	396	225	29	25.8	5.7
CJJ81176_RS04700	b0736	41.935	72	124	134	93	78.6	1.08e-20
CJJ81176_RS08960	b3147	31.034	8	658	678	58	28.5	1.7
CJJ81176_RS04720	b0553	26.087	27	553	365	161	35.0	0.012
CJJ81176_RS04725	b2464	28.261	15	576	316	92	28.9	0.83
CJJ81176_RS04730	b1871	34.828	97	296	323	290	197	1.49e-62
CJJ81176_RS04735	b0592	35.294	18	192	318	34	25.8	2.0
CJJ81176_RS04740	b3024	37.209	72	57	130	43	25.0	0.23
CJJ81176_RS04745	b1320	53.846	15	175	332	26	28.5	0.23
CJJ81176_RS04750	b0237	29.895	99	422	485	475	191	7.65e-57
CJJ81176_RS04755	b4111	27.169	97	415	500	438	148	7.75e-41
CJJ81176_RS04760	b0860	26.697	78	279	243	221	85.1	1.47e-20
CJJ81176_RS04765	b3010	20.968	32	372	318	124	28.9	0.56
CJJ81176_RS04770	b0006	23.729	89	246	258	236	43.9	3.64e-06
CJJ81176_RS04775	b1338	24.937	99	383	436	397	90.1	9.01e-21
CJJ81176_RS08970	b2246	23.490	54	269	429	149	32.0	0.035
CJJ81176_RS08975	b4279	28.000	93	138	405	100	37.4	1.35e-04
CJJ81176_RS08975	b4279	27.778	93	138	405	90	29.3	0.078
CJJ81176_RS04795	b2182	40.000	44	68	396	30	25.4	0.32
CJJ81176_RS04800	b1344	24.540	60	253	311	163	32.7	0.016
CJJ81176_RS04805	b4467	22.249	95	421	407	409	97.8	3.00e-23
CJJ81176_RS04810	b3867	44.912	99	451	457	452	387	1.02e-132
CJJ81176_RS04815	b0834	27.119	36	163	442	59	29.3	0.12
CJJ81176_RS04820	b0273	36.170	96	306	334	329	197	3.94e-62
CJJ81176_RS04825	b0369	51.090	98	327	324	321	310	3.59e-106
CJJ81176_RS04830	b1277	46.632	99	186	196	193	172	4.92e-56
CJJ81176_RS04835	b3740	27.273	73	188	207	143	66.2	1.17e-14
CJJ81176_RS04840	b2983	27.632	38	190	355	76	25.0	3.7
CJJ81176_RS04845	b2158	36.795	92	365	349	337	183	1.21e-55
CJJ81176_RS04850	b2157	24.746	98	293	293	295	103	7.41e-27
CJJ81176_RS04855	b2741	44.248	36	622	330	226	205	8.35e-62
CJJ81176_RS04860	b2455	40.741	16	170	467	27	29.6	0.10
CJJ81176_RS04865	b3424	27.143	76	172	276	140	35.4	0.001
CJJ81176_RS04870	b4399	48.148	19	138	474	27	29.3	0.079
CJJ81176_RS04875	b3178	50.554	49	538	644	271	280	2.14e-87
CJJ81176_RS04880	b0661	25.510	88	416	474	392	129	3.78e-34
CJJ81176_RS04885	b0465	22.424	32	523	1120	165	41.2	1.91e-04
CJJ81176_RS04890	b3389	35.359	99	351	362	362	216	1.33e-68
CJJ81176_RS04895	b1077	26.087	15	466	251	69	30.4	0.24
CJJ81176_RS04900	b0406	42.359	100	373	375	373	315	8.69e-107
CJJ81176_RS04905	b1342	20.805	58	255	327	149	40.8	4.77e-05
CJJ81176_RS04915	b0903	33.333	26	149	760	39	25.8	1.5
CJJ81176_RS04920	b4074	26.667	12	1081	552	135	41.2	3.24e-04
CJJ81176_RS04925	b3454	46.552	99	231	237	232	214	3.10e-71
CJJ81176_RS04930	b3455	41.600	98	256	255	250	219	1.87e-72
CJJ81176_RS04935	b3456	31.250	77	350	425	304	117	2.27e-30
CJJ81176_RS04940	b3457	41.472	96	298	308	299	194	3.04e-61
CJJ81176_RS04945	b3460	28.975	73	369	367	283	111	1.54e-28
CJJ81176_RS04950	b3460	27.762	94	371	367	353	108	1.84e-27
CJJ81176_RS04955	b3518	34.000	31	144	465	50	25.8	1.3
CJJ81176_RS04960	b0284	32.143	44	63	732	28	22.7	2.9
CJJ81176_RS04965	b3002	25.600	74	168	164	125	28.1	0.21
CJJ81176_RS04970	b2319	33.528	99	343	337	343	182	1.33e-55
CJJ81176_RS04975	b2220	38.137	99	433	461	451	303	6.08e-100
CJJ81176_RS04980	b3279	38.710	21	149	184	31	23.9	5.3
CJJ81176_RS04985	b0128	24.051	42	171	256	79	26.2	1.3
CJJ81176_RS04990	b2231	47.166	98	862	875	882	798	0.0
CJJ81176_RS04995	b3642	30.556	19	191	213	36	31.2	0.032
CJJ81176_RS05000	b2036	28.814	25	214	367	59	24.6	6.1
CJJ81176_RS05005	b2569	58.389	99	598	599	596	691	0.0
CJJ81176_RS05010	b3035	20.533	83	424	493	375	32.0	0.079
CJJ81176_RS05015	b1644	23.858	75	246	285	197	42.0	1.55e-05
CJJ81176_RS05020	b2076	27.559	99	1005	1025	1016	375	7.18e-115
CJJ81176_RS05025	b2892	35.484	12	268	577	31	31.2	0.074
CJJ81176_RS05030	b0148	37.931	12	239	809	29	26.2	2.8
CJJ81176_RS05035	b2938	29.630	33	83	658	27	23.5	3.0
CJJ81176_RS05040	b3256	49.888	92	481	449	445	417	8.37e-144
CJJ81176_RS05045	b0089	27.990	99	387	414	393	120	1.78e-31
CJJ81176_RS05050	b0090	25.153	90	342	355	326	117	6.52e-31
CJJ81176_RS09170	b1791	35.294	22	385	393	85	54.7	3.47e-09
CJJ81176_RS05060	b1395	25.688	39	283	475	109	31.2	0.073
CJJ81176_RS05065	b3905	28.947	26	296	278	76	51.6	1.65e-08
CJJ81176_RS05070	b3993	25.275	87	201	211	182	48.5	3.56e-08
CJJ81176_RS05075	b3990	37.714	91	381	377	350	246	1.34e-79
CJJ81176_RS05080	b3991	47.012	96	258	256	251	211	1.83e-69
CJJ81176_RS05085	b0826	27.604	70	267	249	192	73.9	1.63e-16
CJJ81176_RS05090	b4407	26.471	54	63	66	34	27.7	0.018
CJJ81176_RS05095	b2472	35.501	99	365	375	369	221	3.72e-70
CJJ81176_RS05100	b3823	32.692	25	199	206	52	29.3	0.15
CJJ81176_RS05105	b1120	37.129	85	233	242	202	146	1.62e-44
CJJ81176_RS05110	b2733	24.631	27	736	853	203	43.1	6.22e-05
CJJ81176_RS05115	b0401	30.233	37	116	439	43	24.3	2.5
CJJ81176_RS05120	b0091	33.168	87	432	491	404	171	4.95e-49
CJJ81176_RS05125	b4359	22.523	32	657	763	222	31.2	0.28
CJJ81176_RS05130	b0219	36.364	17	258	256	44	37.0	7.23e-04
CJJ81176_RS05135	b0983	30.769	88	57	379	52	25.4	0.25
CJJ81176_RS05140	b2508	57.320	99	485	488	485	507	8.11e-179
CJJ81176_RS05145	b2478	24.675	48	453	292	231	27.7	1.5
CJJ81176_RS05150	b1968	50.000	83	36	452	30	22.3	0.93
CJJ81176_RS05155	b0026	39.958	99	917	938	956	653	0.0
CJJ81176_RS05160	b2700	34.307	38	362	165	137	81.3	2.39e-19
CJJ81176_RS05165	b4093	35.821	48	141	144	67	40.4	5.89e-06
CJJ81176_RS05170	b0578	22.439	90	206	217	205	47.0	1.42e-07
CJJ81176_RS05175	b0578	23.118	85	201	217	186	48.9	3.26e-08
CJJ81176_RS05180	b1912	35.795	93	178	182	176	104	1.62e-29
CJJ81176_RS05185	b0176	32.794	92	368	450	247	106	1.80e-26
CJJ81176_RS05185	b0176	30.081	92	368	450	246	103	1.92e-25
CJJ81176_RS05190	b0877	28.947	49	288	330	152	56.6	3.47e-10
CJJ81176_RS05195	b4200	31.522	74	125	131	92	57.4	1.31e-12
CJJ81176_RS05200	b4059	42.373	62	182	178	118	90.5	3.38e-24
CJJ81176_RS05205	b4202	50.725	80	86	75	69	72.0	1.65e-19
CJJ81176_RS05210	b0439	39.898	98	791	784	782	590	0.0
CJJ81176_RS05215	b2595	22.772	47	215	245	101	30.4	0.063
CJJ81176_RS05220	b3973	28.302	37	129	321	53	27.3	0.26
CJJ81176_RS05225	b0386	29.940	66	243	269	167	88.2	7.46e-22
CJJ81176_RS05230	b3494	26.923	26	100	111	26	22.7	4.5
CJJ81176_RS05235	b2979	21.875	27	220	499	64	29.3	0.24
CJJ81176_RS05240	b3289	30.667	47	150	429	75	28.1	0.25
CJJ81176_RS05245	b0855	34.000	24	209	377	50	27.7	0.59
CJJ81176_RS05250	b3993	28.729	84	210	211	181	57.8	2.26e-11
CJJ81176_RS05255	b2103	41.065	96	270	266	263	193	6.13e-62
CJJ81176_RS05260	b1633	30.405	59	228	211	148	36.6	7.21e-04
CJJ81176_RS05265	b0887	35.616	28	253	588	73	31.6	0.051
CJJ81176_RS05270	b1114	37.855	77	978	1148	634	456	6.08e-144
CJJ81176_RS05270	b1114	28.571	77	978	1148	133	72.0	1.30e-13
CJJ81176_RS05275	b2534	30.000	46	131	284	60	26.2	0.82
CJJ81176_RS05280	b1856	39.655	38	300	440	116	76.6	1.13e-16
CJJ81176_RS05285	b2315	30.293	73	394	422	307	114	3.95e-29
CJJ81176_RS05290	b3632	20.444	44	465	344	225	26.6	4.4
CJJ81176_RS05295	b3903	28.205	23	170	419	39	26.2	1.2
CJJ81176_RS05300	b0642	43.318	99	809	860	868	717	0.0
CJJ81176_RS05305	b0409	36.656	95	323	323	311	225	4.75e-73
CJJ81176_RS05310	b0408	33.396	95	526	615	530	270	5.60e-84
CJJ81176_RS05315	b0407	44.706	93	90	110	85	80.1	3.19e-22
CJJ81176_RS05320	b0657	22.455	67	441	512	334	64.7	4.50e-12
CJJ81176_RS05325	b2942	40.657	99	398	384	396	274	5.01e-90
CJJ81176_RS05330	b3089	53.149	98	407	414	397	395	7.19e-137
CJJ81176_RS05335	b4245	31.788	97	295	311	302	124	3.01e-34
CJJ81176_RS05340	b3498	25.188	38	572	680	266	44.7	1.56e-05
CJJ81176_RS05345	b4371	39.286	19	145	343	28	28.5	0.14
CJJ81176_RS05350	b3813	34.589	98	691	720	717	401	3.46e-131
CJJ81176_RS05355	b3166	30.332	77	272	314	211	103	5.95e-27
CJJ81176_RS05360	b2696	33.333	72	75	61	54	40.8	1.96e-07
CJJ81176_RS05365	b1208	29.670	70	255	283	182	71.6	1.39e-15
CJJ81176_RS05370	b2620	42.466	97	150	160	146	113	8.66e-34
CJJ81176_RS05375	b2149	28.814	28	200	506	59	28.5	0.34
CJJ81176_RS05380	b0881	44.048	88	96	106	84	80.9	2.43e-22
CJJ81176_RS05385	b0882	41.528	96	709	758	720	572	0.0
CJJ81176_RS05390	b0885	37.895	86	215	234	190	149	5.03e-46
CJJ81176_RS05395	b1886	37.143	40	429	553	175	92.4	4.66e-21
CJJ81176_RS05400	b1242	26.442	97	208	215	208	67.4	7.77e-15
CJJ81176_RS05405	b1778	44.444	96	119	137	117	93.6	9.98e-27
CJJ81176_RS05410	b0824	28.358	25	265	299	67	26.2	2.2
CJJ81176_RS05415	b1912	34.043	19	242	182	47	32.7	0.012
CJJ81176_RS05420	b1875	40.000	17	205	188	35	27.7	0.46
CJJ81176_RS05425	b3178	43.493	92	645	644	607	477	3.69e-162
CJJ81176_RS09080	b3259	33.566	49	281	293	143	78.6	6.85e-18
CJJ81176_RS05435	b1882	48.333	92	130	129	120	119	1.40e-36
CJJ81176_RS05440	b1863	30.909	36	297	173	110	30.8	0.075
CJJ81176_RS05445	b3788	27.143	21	590	355	140	47.8	1.32e-06
CJJ81176_RS05450	b2253	30.534	65	386	385	262	120	1.51e-31
CJJ81176_RS05455	b0035	24.444	61	196	196	135	43.5	1.89e-06
CJJ81176_RS05460	b2047	41.176	88	200	464	187	136	6.02e-39
CJJ81176_RS05465	b3631	25.301	42	376	374	166	47.8	5.61e-07
CJJ81176_RS05470	b4065	35.135	5	713	549	37	29.6	0.78
CJJ81176_RS05475	b3628	24.294	47	365	359	177	49.7	1.45e-07
CJJ81176_RS05480	b2059	35.043	37	309	279	117	72.8	9.77e-16
CJJ81176_RS05485	b3628	24.398	86	359	359	332	48.9	2.10e-07
CJJ81176_RS05490	b0914	25.227	95	564	582	551	175	7.86e-49
CJJ81176_RS05495	b0759	36.036	99	328	338	333	222	1.80e-71
CJJ81176_RS05500	b3533	28.000	28	264	872	75	27.7	1.0
CJJ81176_RS05505	b3621	26.490	85	342	319	302	108	4.63e-28
CJJ81176_RS05510	b1054	21.708	93	295	306	281	77.8	2.21e-17
CJJ81176_RS05515	b3615	26.786	38	515	344	112	51.6	4.93e-08
CJJ81176_RS05515	b3615	25.556	38	515	344	90	46.6	1.94e-06
CJJ81176_RS05520	b2254	57.895	5	389	322	19	27.7	1.4
CJJ81176_RS08995	b3650	47.826	40	57	702	23	22.3	3.1
CJJ81176_RS05525	b1467	34.211	12	300	514	38	26.9	1.8
CJJ81176_RS09000	b3615	25.140	57	302	344	179	79.0	1.22e-17
CJJ81176_RS05540	b3872	48.000	9	291	236	25	26.6	1.8
CJJ81176_RS05545	b4032	28.070	16	346	296	57	31.6	0.060
CJJ81176_RS05550	b3786	24.581	45	374	376	179	49.7	1.54e-07
CJJ81176_RS05555	b3728	32.353	11	315	346	34	26.2	3.1
CJJ81176_RS05560	b0918	25.397	29	221	248	63	35.8	0.001
CJJ81176_RS05565	b0459	29.565	42	277	183	115	60.5	4.52e-12
CJJ81176_RS05570	b3615	25.455	95	275	344	275	96.7	3.56e-24
CJJ81176_RS05575	b3620	22.767	99	317	348	347	94.0	7.59e-23
CJJ81176_RS05580	b3017	27.119	24	251	470	59	25.4	4.5
CJJ81176_RS05585	b0222	50.000	85	186	192	160	152	4.12e-48
CJJ81176_RS05590	b3052	41.929	98	461	477	477	335	1.37e-111
CJJ81176_RS05595	b3619	32.915	97	317	310	319	151	1.13e-44
CJJ81176_RS05600	b0200	43.949	80	186	191	157	148	1.43e-46
CJJ81176_RS05605	b1494	48.276	29	100	931	29	25.0	1.3
CJJ81176_RS05610	b4335	61.111	26	68	383	18	27.3	0.064
CJJ81176_RS05615	b0484	29.567	99	785	834	832	329	1.25e-101
CJJ81176_RS05620	b3783	56.522	95	432	419	414	476	3.62e-168
CJJ81176_RS05625	b0470	44.755	56	509	431	286	259	1.99e-82
CJJ81176_RS05630	b0497	34.483	17	173	1426	29	25.0	3.6
CJJ81176_RS05635	b0484	28.669	98	699	834	729	286	1.63e-86
CJJ81176_RS05640	b1603	42.308	41	64	510	26	24.6	0.52
CJJ81176_RS05645	b0752	34.717	83	316	313	265	135	1.55e-38
CJJ81176_RS05650	b1833	26.923	30	87	427	26	25.0	0.80
CJJ81176_RS05655	b4363	32.903	93	164	157	155	79.0	3.42e-20
CJJ81176_RS05660	b4364	24.506	97	258	256	253	81.6	2.18e-19
CJJ81176_RS05665	b3236	25.084	89	308	312	299	34.3	0.007
CJJ81176_RS05670	b2317	24.737	92	200	219	190	57.4	3.62e-11
CJJ81176_RS05675	b0326	28.889	55	75	271	45	27.3	0.087
CJJ81176_RS05680	b2548	50.000	6	466	327	28	30.8	0.21
CJJ81176_RS05685	b3363	36.957	82	160	190	138	73.2	1.05e-17
CJJ81176_RS05690	b1864	37.662	97	235	246	231	149	1.96e-45
CJJ81176_RS05695	b1600	38.889	93	113	121	108	70.9	3.97e-18
CJJ81176_RS05700	b1599	39.583	94	102	109	96	72.8	4.36e-19
CJJ81176_RS05705	b1876	24.057	93	530	577	557	101	1.41e-23
CJJ81176_RS05710	b3836	38.462	97	79	89	78	43.5	3.45e-08
CJJ81176_RS05715	b3648	41.753	92	207	207	194	141	2.47e-43
CJJ81176_RS05720	b2517	29.070	14	542	384	86	29.3	0.71
CJJ81176_RS05725	b1950	28.696	90	255	261	230	91.3	6.53e-23
CJJ81176_RS05730	b0495	39.175	89	211	228	194	142	2.95e-43
CJJ81176_RS05735	b0170	35.211	99	357	283	355	182	2.15e-56
CJJ81176_RS05740	b0169	52.966	90	263	241	236	249	1.93e-84
CJJ81176_RS05745	b1661	37.500	91	387	382	360	211	1.18e-65
CJJ81176_RS05750	b3097	36.842	10	374	122	38	28.9	0.22
CJJ81176_RS05755	b3496	36.667	7	416	489	30	28.1	1.4
CJJ81176_RS05760	b4198	33.333	32	167	228	54	30.0	0.060
CJJ81176_RS05765	b3502	32.947	99	428	429	431	220	2.49e-68
CJJ81176_RS05770	b3741	51.216	99	619	629	617	612	0.0
CJJ81176_RS05775	b3072	36.429	85	165	506	140	107	6.77e-29
CJJ81176_RS05780	b1885	38.378	36	459	533	185	85.1	1.42e-18
CJJ81176_RS05785	b3072	34.328	82	164	506	134	93.2	9.64e-24
CJJ81176_RS05790	b3528	45.035	94	458	428	433	361	1.32e-122
CJJ81176_RS05795	b3580	22.222	46	268	498	126	33.9	0.009
CJJ81176_RS05800	b3493	23.243	61	508	499	185	50.1	2.08e-07
CJJ81176_RS05800	b3493	31.707	61	508	499	123	49.7	3.02e-07
CJJ81176_RS05800	b3493	55.263	61	508	499	38	36.6	0.004
CJJ81176_RS05800	b3493	33.333	61	508	499	39	28.5	1.3
CJJ81176_RS05800	b3493	57.143	61	508	499	21	26.6	5.6
CJJ81176_RS05805	b0512	23.494	40	392	453	166	46.2	2.40e-06
CJJ81176_RS05810	b3608	31.193	98	298	339	327	148	2.51e-43
CJJ81176_RS05815	b0520	47.619	4	472	271	21	28.9	0.74
CJJ81176_RS05820	b2687	70.807	98	164	171	161	253	2.35e-88
CJJ81176_RS05825	b1526	35.000	12	330	293	40	26.6	2.3
CJJ81176_RS05830	b0197	38.559	90	256	271	236	161	9.66e-50
CJJ81176_RS05835	b3829	45.020	99	754	753	753	657	0.0
CJJ81176_RS05840	b3941	33.712	94	282	296	264	166	1.10e-50
CJJ81176_RS05845	b0887	50.000	38	63	588	24	24.3	0.76
CJJ81176_RS05850	b3738	33.929	63	226	271	168	65.9	8.39e-14
CJJ81176_RS05855	b4389	42.198	99	446	460	455	358	4.55e-121
CJJ81176_RS05860	b3464	46.188	77	288	497	223	205	1.06e-63
CJJ81176_RS05865	b2195	24.107	61	185	185	112	33.5	0.004
CJJ81176_RS05870	b2912	26.923	37	208	182	78	38.5	9.70e-05
CJJ81176_RS05875	b3056	26.446	21	517	412	121	31.2	0.15
CJJ81176_RS05880	b2136	26.752	84	185	192	157	68.6	1.23e-15
CJJ81176_RS05885	b0913	29.348	21	419	754	92	33.1	0.038
CJJ81176_RS05890	b3886	27.068	97	268	290	266	95.5	4.37e-24
CJJ81176_RS05895	b2979	37.019	90	460	499	416	283	3.85e-91
CJJ81176_RS05900	b1368	26.126	44	241	342	111	26.9	1.1
CJJ81176_RS05905	b1856	30.178	86	386	440	338	135	1.01e-36
CJJ81176_RS05910	b3208	28.261	69	67	242	46	23.1	2.1
CJJ81176_RS05915	b2593	28.108	77	226	243	185	81.3	1.53e-19
CJJ81176_RS05920	b1662	32.432	86	203	213	185	92.8	2.29e-24
CJJ81176_RS05925	b1263	29.915	13	846	531	117	34.3	0.035
CJJ81176_RS05930	b4142	37.500	100	86	97	96	52.8	1.15e-11
CJJ81176_RS05935	b4143	63.378	96	545	548	527	654	0.0
CJJ81176_RS05940	b2078	27.451	47	396	467	204	73.6	3.48e-15
CJJ81176_RS05945	b3025	30.734	99	221	219	218	115	1.03e-32
CJJ81176_RS05950	b3600	29.825	28	199	382	57	26.9	1.1
CJJ81176_RS05955	b2011	29.231	79	82	475	65	25.8	0.34
CJJ81176_RS05965	b3911	26.316	55	415	457	247	67.4	4.15e-13
CJJ81176_RS05970	b1969	35.909	98	224	223	220	134	5.82e-40
CJJ81176_RS05975	b0161	41.176	83	472	474	408	276	7.93e-89
CJJ81176_RS05980	b1000	33.101	94	297	306	287	148	8.83e-44
CJJ81176_RS05985	b2127	42.466	58	124	243	73	54.7	6.09e-11
CJJ81176_RS05990	b0047	30.364	89	541	620	494	217	5.14e-64
CJJ81176_RS05995	b3466	29.091	48	110	89	55	25.4	0.46
CJJ81176_RS06000	b3385	26.131	84	206	252	199	66.6	2.53e-14
CJJ81176_RS06005	b3559	31.412	99	664	689	694	311	2.49e-97
CJJ81176_RS06010	b1856	42.609	41	273	440	115	89.0	4.06e-21
CJJ81176_RS06015	b3576	24.444	28	316	155	90	26.2	2.5
CJJ81176_RS06020	b3779	29.167	47	324	494	168	56.6	7.89e-10
CJJ81176_RS06025	b2564	45.736	97	262	243	258	204	1.82e-66
CJJ81176_RS06030	b0052	26.810	99	364	329	373	121	1.24e-32
CJJ81176_RS06035	b3607	32.075	25	209	273	53	25.0	3.6
CJJ81176_RS06040	b0396	27.735	98	399	394	393	143	8.81e-40
CJJ81176_RS06045	b3566	34.091	42	106	330	44	25.0	1.3
CJJ81176_RS06050	b3997	45.455	99	340	354	341	308	6.38e-105
CJJ81176_RS06055	b0781	22.642	52	300	329	159	36.2	0.002
CJJ81176_RS06060	b4234	32.558	19	398	183	86	33.9	0.011
CJJ81176_RS06065	b1913	29.836	97	600	610	610	239	6.68e-72
CJJ81176_RS06070	b3216	32.558	26	164	793	43	27.7	0.43
CJJ81176_RS06075	b2507	52.207	100	511	525	521	559	0.0
CJJ81176_RS06080	b2642	30.159	13	486	567	63	28.9	0.88
CJJ81176_RS06085	b4005	39.252	100	416	429	428	298	8.03e-99
CJJ81176_RS06090	b1660	56.250	11	150	403	16	25.4	1.9
CJJ81176_RS06095	b0054	28.571	14	682	784	98	49.3	6.58e-07
CJJ81176_RS06100	b3164	38.283	99	719	711	734	481	5.09e-162
CJJ81176_RS06105	b3068	35.484	19	160	168	31	32.7	0.006
CJJ81176_RS06110	b1461	27.778	78	69	77	54	28.9	0.008
CJJ81176_RS06115	b1752	25.253	35	220	235	99	27.3	0.64
CJJ81176_RS06120	b1053	34.684	98	394	408	395	220	4.23e-69
CJJ81176_RS06125	b2061	24.476	93	151	147	143	59.3	7.84e-13
CJJ81176_RS06130	b1187	25.532	20	424	239	94	28.1	1.1
CJJ81176_RS06135	b0015	40.323	98	374	376	372	281	1.81e-93
CJJ81176_RS06140	b2079	37.273	98	223	240	220	144	5.47e-44
CJJ81176_RS06145	b4112	22.581	63	411	363	279	69.7	5.39e-14
CJJ81176_RS06150	b0472	33.161	96	190	201	193	117	1.98e-34
CJJ81176_RS06155	b2993	28.125	71	178	164	128	65.5	9.34e-15
CJJ81176_RS06160	b0974	25.541	97	230	235	231	92.8	7.23e-24
CJJ81176_RS06165	b0973	40.646	99	571	597	588	434	2.76e-147
CJJ81176_RS06170	b0972	45.000	89	379	372	340	287	1.13e-95
CJJ81176_RS06175	b2324	30.240	99	613	668	668	262	1.13e-79
CJJ81176_RS06180	b2435	32.296	38	659	289	257	118	2.24e-30
CJJ81176_RS06185	b1799	37.500	9	363	307	32	29.3	0.37
CJJ81176_RS06190	b1637	28.753	89	401	424	393	123	2.29e-32
CJJ81176_RS06195	b3650	34.101	86	731	702	651	363	2.47e-116
CJJ81176_RS06200	b3649	46.296	72	74	91	54	35.4	4.47e-05
CJJ81176_RS06205	b0171	49.778	94	239	241	225	226	9.95e-76
CJJ81176_RS06210	b3613	27.160	19	397	419	81	44.3	8.85e-06
CJJ81176_RS06215	b3151	31.915	18	268	346	47	26.6	2.0
CJJ81176_RS06220	b1117	38.182	97	221	233	220	142	3.94e-43
CJJ81176_RS06225	b2960	26.111	44	392	239	180	66.2	2.13e-13
CJJ81176_RS06230	b2466	28.235	20	411	347	85	27.3	2.1
CJJ81176_RS06235	b2594	30.323	90	322	326	310	124	5.19e-34
CJJ81176_RS06240	b0634	36.923	87	366	370	325	168	1.07e-49
CJJ81176_RS06255	b1363	22.222	95	447	485	459	39.7	3.29e-04
CJJ81176_RS06260	b0047	27.329	72	216	620	161	42.7	8.53e-06
CJJ81176_RS06265	b1290	30.000	31	223	268	70	30.0	0.11
CJJ81176_RS06270	b2498	43.627	97	208	208	204	194	7.69e-64
CJJ81176_RS06275	b2463	53.477	99	411	759	417	429	1.82e-145
CJJ81176_RS06280	b2400	43.723	98	463	471	462	390	2.84e-133
CJJ81176_RS06285	b0053	24.088	43	271	428	137	39.3	1.92e-04
CJJ81176_RS06290	b3256	53.394	99	443	449	442	457	2.99e-160
CJJ81176_RS06295	b3255	37.888	99	151	156	161	89.4	2.10e-24
CJJ81176_RS06300	b2065	29.375	78	186	193	160	61.2	6.30e-13
CJJ81176_RS06305	b0759	24.064	50	334	338	187	40.8	7.55e-05
CJJ81176_RS06310	b2253	28.000	96	376	385	375	163	1.15e-47
CJJ81176_RS06315	b0169	27.273	19	436	241	88	29.6	0.38
CJJ81176_RS06320	b2232	21.667	38	298	240	120	33.9	0.008
CJJ81176_RS06325	b4386	23.288	26	239	338	73	28.5	0.45
CJJ81176_RS06330	b1094	33.333	40	75	78	33	23.5	1.2
CJJ81176_RS06335	b1093	38.356	15	452	244	73	45.1	3.87e-06
CJJ81176_RS06340	b1727	21.698	19	520	222	106	28.9	0.69
CJJ81176_RS06345	b1091	27.976	93	353	317	336	122	4.15e-33
CJJ81176_RS06350	b0144	35.714	37	73	308	28	22.3	4.8
CJJ81176_RS06355	b4021	47.826	6	404	229	23	28.1	0.83
CJJ81176_RS06360	b0586	25.380	87	503	1293	461	164	4.89e-44
CJJ81176_RS06365	b4012	21.429	48	241	147	126	37.4	2.61e-04
CJJ81176_RS06370	b1673	37.931	13	229	700	29	25.8	2.8
CJJ81176_RS06375	b2211	37.037	36	74	547	27	26.2	0.19
CJJ81176_RS06380	b1131	29.630	18	403	456	81	26.2	4.5
CJJ81176_RS06385	b0918	25.781	55	232	248	128	53.1	2.11e-09
CJJ81176_RS06390	b3718	23.171	56	274	240	164	30.8	0.066
CJJ81176_RS06395	b1427	29.464	66	157	179	112	38.5	5.91e-05
CJJ81176_RS06400	b2025	36.965	99	248	258	257	160	1.64e-49
CJJ81176_RS06405	b2023	39.594	98	201	196	197	144	1.55e-44
CJJ81176_RS06410	b1740	32.075	13	378	275	53	30.0	0.22
CJJ81176_RS06415	b1669	41.176	8	343	270	34	25.8	5.0
CJJ81176_RS06420	b1678	32.432	6	616	334	37	26.9	3.9
CJJ81176_RS06425	b0167	19.718	11	654	890	71	28.9	1.4
CJJ81176_RS06430	b1201	28.814	8	632	639	59	27.3	3.4
CJJ81176_RS06435	b1923	35.632	30	576	498	174	87.4	3.68e-19
CJJ81176_RS06440	b1923	35.057	30	576	498	174	90.1	5.22e-20
CJJ81176_RS06445	b0209	30.864	13	608	266	81	29.6	0.58
CJJ81176_RS06450	b3874	29.487	18	416	421	78	28.1	1.2
CJJ81176_RS06455	b3328	35.593	35	171	145	59	34.3	0.001
CJJ81176_RS06460	b3064	36.538	91	335	337	312	201	2.87e-63
CJJ81176_RS06465	b2076	25.641	17	464	1025	78	30.8	0.24
CJJ81176_RS06470	b0173	31.525	99	356	398	387	182	4.34e-55
CJJ81176_RS06475	b0175	44.966	56	241	285	149	114	1.55e-31
CJJ81176_RS06480	b3838	30.000	78	112	171	90	26.6	0.32
CJJ81176_RS06485	b0181	31.915	10	435	262	47	28.9	0.64
CJJ81176_RS06490	b3857	22.632	97	191	194	190	58.9	5.36e-12
CJJ81176_RS06495	b3821	34.866	75	329	289	261	129	4.36e-36
CJJ81176_RS06500	b4288	24.839	93	322	318	310	90.1	1.66e-21
CJJ81176_RS06505	b0153	24.013	91	312	660	304	50.8	6.00e-08
CJJ81176_RS06510	b0151	39.831	93	251	265	236	201	4.20e-65
CJJ81176_RS06515	b4290	24.907	78	330	300	269	68.6	4.11e-14
CJJ81176_RS06520	b4382	31.429	48	73	440	35	26.2	0.22
CJJ81176_RS06525	b0834	35.484	57	93	442	62	25.8	0.48
CJJ81176_RS06535	b3974	39.623	24	184	316	53	28.1	0.37
CJJ81176_RS06540	b4070	30.110	73	610	478	455	170	2.54e-47
CJJ81176_RS06545	b2202	32.065	98	171	200	184	66.6	5.00e-15
CJJ81176_RS06550	b2501	31.609	95	694	688	696	337	7.50e-107
CJJ81176_RS06555	b2162	33.333	30	136	313	42	28.5	0.13
CJJ81176_RS06560	b1860	51.212	97	335	336	330	348	1.14e-120
CJJ81176_RS06565	b2493	19.505	89	347	353	323	36.6	0.002
CJJ81176_RS06570	b1611	62.144	99	463	467	457	592	0.0
CJJ81176_RS06575	b2765	50.000	2	1041	121	22	28.1	1.4
CJJ81176_RS06580	b3729	41.195	100	598	609	619	455	7.22e-155
CJJ81176_RS06585	b0167	34.884	5	782	890	43	35.0	0.024
CJJ81176_RS06590	b0060	34.247	20	354	783	73	35.4	0.006
CJJ81176_RS06595	b2412	34.615	5	1121	328	52	32.3	0.15
CJJ81176_RS06600	b3664	38.837	97	439	444	430	295	6.67e-97
CJJ81176_RS06605	b0238	23.944	91	147	152	142	37.4	1.02e-04
CJJ81176_RS06610	b2346	32.487	83	232	251	197	88.6	3.34e-22
CJJ81176_RS06615	b3192	22.556	68	189	211	133	55.5	1.15e-10
CJJ81176_RS06620	b0462	24.581	20	823	1049	179	37.4	0.004
CJJ81176_RS06625	b2954	37.864	99	200	197	206	110	1.32e-31
CJJ81176_RS06630	b0427	32.346	97	433	454	439	210	3.14e-64
CJJ81176_RS06635	b2720	30.075	30	557	180	133	48.9	1.43e-07
CJJ81176_RS06635	b2720	31.250	30	557	180	48	30.0	0.25
CJJ81176_RS06635	b2720	35.294	30	557	180	34	28.1	1.2
CJJ81176_RS06640	b3591	40.360	85	440	463	389	257	6.52e-82
CJJ81176_RS06645	b3590	26.230	59	601	614	366	159	1.65e-42
CJJ81176_RS06650	b0604	53.846	11	236	248	26	36.2	0.001
CJJ81176_RS06655	b0267	27.941	34	183	384	68	32.0	0.022
CJJ81176_RS06660	b0684	40.252	94	163	176	159	120	3.16e-36
CJJ81176_RS06665	b3800	20.408	39	231	411	98	25.4	4.4
CJJ81176_RS06670	b2927	27.451	49	104	339	51	26.9	0.28
CJJ81176_RS06675	b1732	45.767	89	474	753	437	369	1.95e-121
CJJ81176_RS06680	b0318	21.951	76	156	201	123	40.8	8.13e-06
CJJ81176_RS06680	b0318	27.586	76	156	201	116	30.0	0.043
CJJ81176_RS06680	b0318	30.556	76	156	201	72	28.9	0.12
CJJ81176_RS06680	b0318	18.310	76	156	201	71	25.0	2.5
CJJ81176_RS06685	b3346	29.412	93	218	240	204	79.7	3.88e-19
CJJ81176_RS06690	b3113	44.068	96	120	129	118	105	1.26e-31
CJJ81176_RS06695	b3227	38.235	99	479	455	476	320	4.77e-106
CJJ81176_RS06700	b3008	34.694	98	387	395	392	256	5.07e-83
CJJ81176_RS06705	b1131	25.567	98	455	456	485	80.5	3.00e-17
CJJ81176_RS06710	b0334	20.470	63	446	483	298	38.1	8.83e-04
CJJ81176_RS06715	b2267	50.000	27	74	153	20	23.5	1.6
CJJ81176_RS06720	b3409	28.344	41	614	773	314	124	1.04e-30
CJJ81176_RS06725	b0972	39.860	57	497	372	286	226	2.38e-70
CJJ81176_RS06730	b1288	46.899	94	274	262	258	246	8.91e-83
CJJ81176_RS06735	b3919	34.310	97	223	255	239	115	1.65e-32
CJJ81176_RS06740	b2926	42.929	99	400	387	396	305	3.85e-102
CJJ81176_RS06745	b1779	46.667	99	332	331	330	313	3.15e-107
CJJ81176_RS06750	b0639	21.538	92	181	213	195	51.2	3.23e-09
CJJ81176_RS06755	b0637	28.125	87	108	105	96	57.0	6.35e-13
CJJ81176_RS06760	b3097	30.631	88	125	122	111	38.1	2.45e-05
CJJ81176_RS06765	b2048	29.806	97	456	456	463	142	1.77e-38
CJJ81176_RS06770	b1944	21.765	93	178	154	170	32.3	0.008
CJJ81176_RS06775	b2563	31.092	97	115	126	119	55.5	4.94e-12
CJJ81176_RS06780	b1139	30.612	35	139	297	49	24.6	3.2
CJJ81176_RS06785	b0092	34.146	9	453	306	41	29.3	0.57
CJJ81176_RS06790	b1238	27.273	24	373	205	88	28.1	0.88
CJJ81176_RS06795	b3047	25.610	20	394	249	82	29.6	0.27
CJJ81176_RS06800	b3565	26.667	10	689	440	75	32.0	0.15
CJJ81176_RS06805	b2750	28.169	82	170	201	142	70.1	2.85e-16
CJJ81176_RS06810	b1236	36.486	29	253	302	74	45.8	9.07e-07
CJJ81176_RS06815	b1298	24.444	51	200	254	135	35.8	0.001
CJJ81176_RS06820	b1702	32.353	9	779	792	68	45.4	1.30e-05
CJJ81176_RS06825	b3833	27.826	42	253	251	115	48.5	8.77e-08
CJJ81176_RS06830	b0210	30.952	31	257	207	84	38.1	2.09e-04
CJJ81176_RS06845	b2039	30.818	67	224	293	159	64.7	2.51e-13
CJJ81176_RS06850	b3149	40.415	95	201	196	193	147	6.40e-46
CJJ81176_RS06855	b0757	25.904	47	339	382	166	41.2	5.80e-05
CJJ81176_RS06860	b0759	26.966	76	312	338	267	60.8	1.94e-11
CJJ81176_RS06865	b2053	28.889	95	344	373	360	128	4.81e-35
CJJ81176_RS06870	b2052	44.477	98	352	321	344	317	1.15e-108
CJJ81176_RS06885	b2038	33.939	89	181	185	165	98.6	3.34e-27
CJJ81176_RS06890	b0498	26.230	11	566	122	61	26.2	3.1
CJJ81176_RS06895	b3615	47.059	15	569	344	85	80.9	1.88e-17
CJJ81176_RS06900	b3615	41.176	17	493	344	85	73.9	2.84e-15
CJJ81176_RS06905	b3626	28.755	53	420	338	233	71.6	9.83e-15
CJJ81176_RS06910	b3219	42.308	4	603	238	26	29.6	0.53
CJJ81176_RS06915	b1696	32.609	6	723	303	46	28.9	1.3
CJJ81176_RS06920	b3197	46.104	97	315	328	308	278	1.77e-93
CJJ81176_RS06925	b0983	23.333	35	552	379	210	50.1	1.87e-07
CJJ81176_RS06930	b1701	25.000	16	372	566	64	27.7	1.5
CJJ81176_RS06935	b3486	24.413	89	220	911	213	81.3	1.10e-18
CJJ81176_RS06935	b3486	24.138	89	220	911	203	55.1	8.58e-10
CJJ81176_RS06940	b0121	25.641	21	260	288	78	27.3	0.99
CJJ81176_RS06945	b3154	30.534	93	135	147	131	77.4	5.14e-20
CJJ81176_RS06950	b1314	26.016	57	187	262	123	28.1	0.33
CJJ81176_RS06955	b3558	30.556	16	229	283	36	28.9	0.27
CJJ81176_RS06960	b1049	48.387	13	237	847	31	27.7	0.87
CJJ81176_RS06965	b0188	29.189	55	321	432	185	93.2	3.73e-22
CJJ81176_RS06970	b0835	34.772	92	439	441	417	221	1.79e-68
CJJ81176_RS06975	b2891	49.398	90	365	365	332	330	1.44e-112
CJJ81176_RS06980	b0868	26.667	70	104	337	75	24.6	1.4
CJJ81176_RS06985	b2745	27.920	91	372	349	351	120	7.23e-32
CJJ81176_RS06990	b0417	27.306	89	273	325	271	77.8	1.82e-17
CJJ81176_RS06995	b0724	20.833	31	357	238	120	30.4	0.13
CJJ81176_RS07000	b4266	31.111	35	127	254	45	25.8	1.1
CJJ81176_RS07005	b3465	26.519	79	227	198	181	60.8	2.09e-12
CJJ81176_RS07010	b1080	36.639	99	348	365	363	210	2.69e-66
CJJ81176_RS07015	b3615	34.211	33	113	344	38	26.6	0.39
CJJ81176_RS07020	b2647	32.203	82	65	1526	59	26.6	0.11
CJJ81176_RS07025	b2020	21.795	49	144	434	78	27.3	0.43
CJJ81176_RS07030	b1082	26.172	48	608	547	256	70.9	9.89e-14
CJJ81176_RS07030	b1082	35.556	48	608	547	45	33.1	0.054
CJJ81176_RS07035	b1006	33.333	12	252	442	30	26.2	2.6
CJJ81176_RS07040	b2327	42.324	94	254	269	241	174	1.71e-54
CJJ81176_RS07045	b3327	20.398	99	392	398	402	95.1	1.80e-22
CJJ81176_RS07050	b3326	42.078	72	519	493	385	308	2.97e-100
CJJ81176_RS07055	b0544	22.807	74	195	508	171	28.9	0.26
CJJ81176_RS07060	b2950	26.389	35	202	326	72	34.3	0.004
CJJ81176_RS07065	b3391	25.764	49	470	412	229	65.9	1.42e-12
CJJ81176_RS07070	b4258	27.273	29	103	951	33	24.3	2.1
CJJ81176_RS07075	b1378	46.920	99	1186	1174	1185	1094	0.0
CJJ81176_RS07080	b3385	28.502	86	213	252	207	77.4	2.81e-18
CJJ81176_RS07085	b3552	36.441	36	319	219	118	76.3	2.96e-17
CJJ81176_RS07090	b3230	49.600	97	129	130	125	122	4.21e-38
CJJ81176_RS07095	b3231	52.239	95	141	142	134	151	6.07e-49
CJJ81176_RS07100	b3778	24.402	31	921	673	209	59.3	9.07e-10
CJJ81176_RS07100	b3778	44.643	31	921	673	56	42.7	1.03e-04
CJJ81176_RS07100	b3778	45.000	31	921	673	20	27.3	5.6
CJJ81176_RS07105	b1653	37.838	5	788	1538	37	31.6	0.25
CJJ81176_RS07110	b1978	28.889	26	173	2358	45	25.4	3.1
CJJ81176_RS07115	b3629	32.653	25	200	311	49	28.5	0.34
CJJ81176_RS07120	b3487	44.444	76	33	355	27	22.7	0.57
CJJ81176_RS07125	b0841	32.099	90	73	198	81	27.7	0.047
CJJ81176_RS07130	b1409	24.528	37	287	298	106	27.7	0.78
CJJ81176_RS07135	b1140	40.909	25	87	375	22	23.9	2.3
CJJ81176_RS07140	b0015	47.619	10	221	376	21	28.9	0.29
CJJ81176_RS07145	b3827	28.421	19	488	299	95	27.3	2.4
CJJ81176_RS07150	b0571	30.222	95	226	227	225	94.4	1.48e-24
CJJ81176_RS07155	b4003	26.697	53	403	465	221	80.5	2.24e-17
CJJ81176_RS07160	b1280	28.889	21	219	389	45	28.5	0.40
CJJ81176_RS07165	b0032	40.053	99	372	382	377	292	1.92e-97
CJJ81176_RS07170	b2556	42.857	19	183	475	35	26.2	1.4
CJJ81176_RS07175	b1629	28.235	49	172	740	85	28.5	0.26
CJJ81176_RS07180	b4180	37.143	25	142	243	35	26.6	0.55
CJJ81176_RS07185	b4177	46.714	100	416	432	426	378	5.13e-130
CJJ81176_RS07195	b1929	44.221	99	402	401	398	330	1.03e-111
CJJ81176_RS07200	b1930	64.286	93	75	77	70	103	3.17e-32
CJJ81176_RS07205	b1015	51.745	99	489	502	487	488	1.04e-170
CJJ81176_RS07210	b1014	27.155	68	1162	1320	847	233	2.08e-63
CJJ81176_RS07215	b1764	35.756	99	340	347	344	216	1.25e-68
CJJ81176_RS07220	b1930	38.095	22	190	77	42	32.7	0.002
CJJ81176_RS07225	b1886	37.912	22	700	553	182	98.2	2.64e-22
CJJ81176_RS07230	b0761	31.081	30	245	262	74	34.3	0.005
CJJ81176_RS07235	b3895	24.590	91	260	277	244	85.1	1.84e-20
CJJ81176_RS07240	b3892	23.832	67	310	211	214	59.3	2.12e-11
CJJ81176_RS07245	b1589	35.556	80	213	205	180	102	6.24e-28
CJJ81176_RS07250	b1474	31.060	72	934	1015	689	281	1.77e-81
CJJ81176_RS07250	b1474	30.435	72	934	1015	115	32.7	0.15
CJJ81176_RS07260	b1872	41.026	60	63	809	39	25.0	0.43
CJJ81176_RS07265	b0025	35.417	20	237	313	48	28.5	0.38
CJJ81176_RS07270	b1049	24.561	15	382	847	57	27.3	2.0
CJJ81176_RS07275	b0123	26.930	99	513	516	557	163	2.18e-45
CJJ81176_RS07280	b0784	25.882	100	73	81	85	30.0	0.005
CJJ81176_RS07285	b0785	24.806	82	148	150	129	38.1	5.37e-05
CJJ81176_RS07290	b0827	28.689	90	396	411	366	158	2.16e-45
CJJ81176_RS07295	b0885	30.159	21	282	234	63	33.5	0.011
CJJ81176_RS07300	b2129	38.235	7	444	308	34	31.2	0.14
CJJ81176_RS07305	b2499	53.698	93	329	345	311	325	1.36e-111
CJJ81176_RS07310	b0103	30.939	90	201	206	181	79.3	2.06e-19
CJJ81176_RS07315	b3809	25.455	98	249	274	275	87.4	1.85e-21
CJJ81176_RS07320	b3570	38.655	49	243	274	119	75.9	3.32e-17
CJJ81176_RS07325	b0366	33.962	15	345	255	53	33.5	0.016
CJJ81176_RS07330	b0812	34.545	37	149	167	55	46.6	5.50e-08
CJJ81176_RS07335	b4025	26.385	85	406	549	379	74.3	2.55e-15
CJJ81176_RS07340	b1236	41.697	96	274	302	271	194	9.68e-62
CJJ81176_RS07345	b4069	47.881	96	657	652	637	606	0.0
CJJ81176_RS07350	b3480	30.876	61	331	268	217	93.6	4.72e-23
CJJ81176_RS07355	b2424	23.000	85	228	277	200	60.1	1.07e-11
CJJ81176_RS07360	b2319	25.263	32	269	337	95	27.7	0.76
CJJ81176_RS07365	b0713	42.972	98	255	244	249	213	2.32e-70
CJJ81176_RS07370	b0711	35.545	85	246	218	211	130	2.62e-38
CJJ81176_RS07375	b0712	32.372	97	321	310	312	172	2.42e-52
CJJ81176_RS07380	b3943	22.789	97	298	301	294	34.3	0.007
CJJ81176_RS07385	b3028	57.812	100	192	193	192	233	5.66e-80
CJJ81176_RS07390	b4212	32.258	81	115	126	93	58.5	3.46e-13
CJJ81176_RS07395	b4149	27.211	97	149	177	147	69.3	2.08e-16
CJJ81176_RS07400	b0325	42.529	95	358	349	348	252	1.38e-82
CJJ81176_RS07405	b2184	30.233	8	1031	586	86	33.5	0.089
CJJ81176_RS07410	b0199	27.778	26	588	343	108	33.5	0.040
CJJ81176_RS07410	b0199	22.222	26	588	343	45	27.7	2.5
CJJ81176_RS07415	b0544	23.188	35	380	508	138	29.6	0.42
CJJ81176_RS07420	b0375	26.613	22	488	207	124	30.8	0.13
CJJ81176_RS07425	b4349	26.693	47	500	529	251	83.2	6.58e-18
CJJ81176_RS09010	b4466	47.619	21	101	1520	21	25.0	1.2
CJJ81176_RS07430	b2284	33.333	21	211	445	45	26.6	1.5
CJJ81176_RS07435	b4212	36.842	86	110	126	95	73.6	3.99e-19
CJJ81176_RS09015	b3151	18.972	78	315	346	253	40.4	8.07e-05
CJJ81176_RS07450	b3501	44.444	42	107	117	45	41.2	8.65e-07
CJJ81176_RS07455	b3292	19.820	75	143	141	111	37.4	8.61e-05
CJJ81176_RS07460	b1209	31.250	9	666	207	64	25.8	7.5
CJJ81176_RS07465	b2818	29.730	5	788	443	37	29.6	0.95
CJJ81176_RS07470	b2276	32.564	82	462	485	390	151	1.07e-41
CJJ81176_RS07475	b2277	30.709	95	495	509	508	217	1.73e-65
CJJ81176_RS07480	b2278	36.824	94	596	613	592	337	3.85e-109
CJJ81176_RS07485	b2279	31.959	99	98	100	97	63.2	1.48e-15
CJJ81176_RS07490	b2280	27.742	87	172	184	155	53.1	4.60e-10
CJJ81176_RS07495	b2281	36.296	61	213	180	135	78.2	4.81e-19
CJJ81176_RS07500	b2282	36.842	97	332	325	323	214	1.49e-68
CJJ81176_RS07505	b2283	22.672	29	820	908	247	76.6	3.52e-15
CJJ81176_RS07510	b1198	28.205	17	230	472	39	27.3	1.1
CJJ81176_RS07515	b3073	36.585	55	75	459	41	24.6	0.69
CJJ81176_RS07520	b2286	38.481	96	408	596	395	295	1.79e-95
CJJ81176_RS07525	b2286	40.698	32	264	596	86	80.5	4.07e-18
CJJ81176_RS07530	b2287	50.968	92	167	220	155	177	5.22e-58
CJJ81176_RS07535	b2288	27.907	99	129	147	129	61.2	8.01e-14
CJJ81176_RS07540	b3540	32.536	93	221	334	209	139	1.08e-40
CJJ81176_RS07545	b2180	32.075	93	236	529	212	120	2.77e-32
CJJ81176_RS07545	b2180	28.194	93	236	529	227	109	1.34e-28
CJJ81176_RS07550	b0832	27.490	93	264	303	251	91.3	1.93e-22
CJJ81176_RS07555	b3543	25.826	99	314	339	333	127	5.48e-35
CJJ81176_RS07560	b0830	26.025	91	511	512	488	164	1.73e-45
CJJ81176_RS07565	b0894	49.213	97	774	814	762	736	0.0
CJJ81176_RS07570	b0895	52.709	93	218	205	203	248	6.02e-85
CJJ81176_RS07575	b1590	29.448	54	288	284	163	46.2	9.30e-07
CJJ81176_RS07580	b1591	24.779	60	185	204	113	42.0	5.62e-06
CJJ81176_RS07585	b2552	37.857	100	140	396	140	102	1.15e-27
CJJ81176_RS07590	b2211	38.574	99	543	547	547	416	2.30e-141
CJJ81176_RS07595	b4111	30.769	94	431	500	416	165	6.03e-47
CJJ81176_RS07600	b0927	25.170	52	265	215	147	38.1	2.46e-04
CJJ81176_RS07605	b0884	66.667	100	72	72	72	104	1.38e-32
CJJ81176_RS07610	b3299	68.421	100	37	38	38	52.4	7.89e-13
CJJ81176_RS07615	b3298	54.701	97	121	118	117	131	7.43e-42
CJJ81176_RS07620	b3297	51.538	100	130	129	130	151	2.16e-49
CJJ81176_RS07625	b3296	51.196	100	208	206	209	196	1.04e-64
CJJ81176_RS07630	b3295	33.229	93	337	329	319	171	9.19e-52
CJJ81176_RS07635	b3294	49.138	99	117	127	116	105	1.06e-31
CJJ81176_RS07640	b2019	66.221	100	299	299	299	422	3.12e-151
CJJ81176_RS07645	b2020	60.094	99	428	434	426	525	0.0
CJJ81176_RS07650	b2022	56.620	100	352	355	355	424	2.38e-150
CJJ81176_RS07655	b2023	51.020	98	195	196	196	200	7.65e-67
CJJ81176_RS07660	b2024	50.206	99	243	245	243	242	6.90e-82
CJJ81176_RS07665	b1326	36.842	13	300	242	38	26.6	2.1
CJJ81176_RS07670	b2025	66.537	100	255	258	257	350	5.16e-124
CJJ81176_RS07675	b2026	63.902	99	207	203	205	269	1.55e-93
CJJ81176_RS07680	b0166	31.373	26	386	274	102	46.6	1.19e-06
CJJ81176_RS07685	b2113	37.353	92	368	369	340	242	2.21e-78
CJJ81176_RS07690	b2746	53.103	39	371	159	145	143	9.20e-43
CJJ81176_RS07695	b4113	29.565	35	295	222	115	53.5	2.44e-09
CJJ81176_RS07700	b1677	24.138	14	386	78	58	26.9	0.61
CJJ81176_RS07705	b0418	33.333	81	166	172	135	71.6	3.70e-17
CJJ81176_RS07710	b0023	35.632	100	87	87	87	41.2	2.93e-07
CJJ81176_RS07715	b1211	53.933	99	355	360	356	382	1.11e-133
CJJ81176_RS07720	b0086	31.373	20	251	452	51	25.4	4.2
CJJ81176_RS07725	b1451	23.224	98	702	700	732	109	1.06e-25
CJJ81176_RS07730	b1711	32.013	91	328	326	303	132	3.95e-37
CJJ81176_RS07735	b0588	32.231	94	258	271	242	156	1.18e-47
CJJ81176_RS07740	b0158	30.556	78	268	266	216	76.6	2.31e-17
CJJ81176_RS07745	b0781	21.661	86	285	329	277	32.0	0.041
CJJ81176_RS07750	b2587	49.038	98	419	432	416	386	6.88e-133
CJJ81176_RS07755	b2961	34.076	87	339	350	314	180	6.10e-55
CJJ81176_RS07760	b2578	30.986	25	250	195	71	30.8	0.054
CJJ81176_RS07785	b0414	28.723	79	336	367	282	115	2.44e-30
CJJ81176_RS07790	b2937	24.324	21	173	306	37	25.8	2.0
CJJ81176_RS07795	b4471	47.198	100	454	454	464	402	2.63e-138
CJJ81176_RS07800	b2796	50.481	99	416	429	416	397	1.89e-137
CJJ81176_RS07805	b4166	24.528	38	138	379	53	30.8	0.023
CJJ81176_RS07810	b0894	28.947	31	247	814	76	27.3	1.3
CJJ81176_RS07815	b0737	44.578	56	141	230	83	63.5	5.39e-14
CJJ81176_RS07820	b3005	26.446	91	129	141	121	52.0	2.28e-10
CJJ81176_RS07825	b3994	41.935	14	227	631	31	26.9	1.2
CJJ81176_RS07830	b1378	42.857	11	289	1174	35	26.9	1.9
CJJ81176_RS07840	b1133	23.944	40	327	368	142	30.8	0.13
CJJ81176_RS07845	b2329	46.761	97	362	361	355	311	1.22e-105
CJJ81176_RS07850	b2567	36.139	90	224	226	202	134	7.26e-40
CJJ81176_RS07855	b0214	50.340	97	146	155	147	145	3.03e-46
CJJ81176_RS07860	b1280	17.844	80	328	389	269	38.9	3.05e-04
CJJ81176_RS07865	b3066	33.333	63	605	581	393	226	4.00e-67
CJJ81176_RS07870	b3414	31.944	78	90	191	72	33.5	6.86e-04
CJJ81176_RS07875	b1382	37.500	21	183	61	40	26.9	0.21
CJJ81176_RS07880	b0085	35.278	80	427	495	360	198	2.11e-59
CJJ81176_RS07885	b0471	48.485	63	103	109	66	55.1	3.04e-12
CJJ81176_RS07890	b0176	22.944	58	364	450	231	40.8	1.09e-04
CJJ81176_RS07895	b0421	40.408	83	281	299	245	136	1.96e-39
CJJ81176_RS07900	b2935	44.697	98	632	663	660	521	2.19e-179
CJJ81176_RS07905	b3194	29.719	67	369	260	249	101	7.49e-26
CJJ81176_RS07910	b0199	34.404	89	240	343	218	134	9.21e-39
CJJ81176_RS07915	b0146	34.118	28	296	234	85	31.6	0.047
CJJ81176_RS07920	b0434	33.333	18	199	192	36	30.8	0.041
CJJ81176_RS07925	b4242	24.051	47	166	898	79	24.3	5.4
CJJ81176_RS07930	b0168	35.317	99	252	264	252	179	7.45e-57
CJJ81176_RS07935	b3967	32.479	91	247	285	234	95.5	2.58e-24
CJJ81176_RS07940	b1708	40.278	90	153	154	144	109	2.68e-32
CJJ81176_RS07945	b0019	46.459	90	389	388	353	311	7.35e-105
CJJ81176_RS07950	b0019	47.875	92	382	388	353	322	4.73e-109
CJJ81176_RS07955	b1109	39.286	47	60	434	28	23.5	1.3
CJJ81176_RS07960	b3178	38.983	77	70	644	59	28.5	0.029
CJJ81176_RS07965	b3660	27.778	14	696	307	108	30.8	0.26
CJJ81176_RS07970	b3590	29.688	32	179	614	64	28.1	0.38
CJJ81176_RS07975	b0781	29.412	17	467	329	85	29.6	0.40
CJJ81176_RS07980	b0879	20.270	47	430	648	222	52.0	4.23e-08
CJJ81176_RS07985	b1118	22.509	64	372	414	271	52.4	1.99e-08
CJJ81176_RS07990	b1117	44.196	99	217	233	224	179	9.95e-58
CJJ81176_RS07995	b0976	23.469	55	162	132	98	30.8	0.022
CJJ81176_RS08000	b3781	26.050	71	167	109	119	29.3	0.060
CJJ81176_RS08005	b1460	27.778	36	145	378	54	27.3	0.43
CJJ81176_RS09175	b2970	31.429	35	101	331	35	26.6	0.36
CJJ81176_RS08040	b4110	25.000	29	282	292	96	28.5	0.49
CJJ81176_RS08045	b3019	29.293	43	220	752	99	25.0	4.7
CJJ81176_RS08050	b0720	32.759	76	67	427	58	21.9	5.1
CJJ81176_RS08055	b2779	54.374	99	414	432	423	421	1.04e-146
CJJ81176_RS08060	b2699	62.654	94	343	353	324	432	2.12e-153
CJJ81176_RS08065	b3220	23.967	40	286	375	121	28.1	0.78
CJJ81176_RS08070	b1949	43.182	99	89	89	88	55.5	1.02e-12
CJJ81176_RS08075	b3972	25.483	77	258	342	259	57.0	2.28e-10
CJJ81176_RS08080	b0337	34.286	13	256	427	35	27.3	1.2
CJJ81176_RS08085	b4214	31.489	91	254	246	235	118	2.74e-33
CJJ81176_RS08090	b0720	50.495	95	422	427	404	432	2.57e-151
CJJ81176_RS08095	b3350	22.837	68	391	601	289	29.3	0.46
CJJ81176_RS08100	b0775	31.884	97	278	346	276	139	8.19e-40
CJJ81176_RS08105	b1274	38.933	99	700	865	750	497	2.30e-166
CJJ81176_RS08110	b2789	26.590	69	423	450	173	38.9	4.56e-04
CJJ81176_RS08110	b2789	24.667	69	423	450	150	34.7	0.012
CJJ81176_RS08115	b2534	26.866	20	670	284	134	41.6	1.13e-04
CJJ81176_RS08120	b3874	37.179	25	315	421	78	52.0	1.71e-08
CJJ81176_RS08125	b2775	26.389	80	90	425	72	42.7	5.38e-07
CJJ81176_RS08130	b3300	41.568	98	421	443	421	305	6.17e-101
CJJ81176_RS08135	b3301	60.000	50	130	144	65	76.3	1.03e-19
CJJ81176_RS08140	b3303	50.370	92	147	167	135	142	3.11e-45
CJJ81176_RS08145	b3304	31.183	74	118	117	93	40.8	1.60e-06
CJJ81176_RS08150	b3305	48.588	98	178	177	177	165	1.74e-53
CJJ81176_RS08155	b3306	41.085	98	131	130	129	101	1.05e-29
CJJ81176_RS08160	b3307	51.163	70	61	101	43	51.2	2.03e-11
CJJ81176_RS08165	b3308	47.486	99	181	179	179	184	9.05e-61
CJJ81176_RS08170	b3309	47.826	88	77	104	69	48.9	3.15e-10
CJJ81176_RS08175	b3310	68.293	100	122	123	123	164	1.20e-54
CJJ81176_RS08180	b3311	48.718	94	83	84	78	67.0	2.30e-17
CJJ81176_RS08185	b3312	32.759	95	61	63	58	29.3	0.004
CJJ81176_RS08190	b3313	67.910	95	141	136	134	182	1.66e-61
CJJ81176_RS08195	b3314	57.021	99	233	233	235	265	2.28e-91
CJJ81176_RS08200	b3315	36.735	64	147	110	98	54.3	2.65e-11
CJJ81176_RS08205	b3316	62.651	89	93	92	83	120	3.50e-38
CJJ81176_RS08210	b3317	55.273	99	276	273	275	298	6.07e-103
CJJ81176_RS08215	b3318	36.486	80	93	100	74	55.5	1.38e-12
CJJ81176_RS08220	b3319	34.659	86	204	201	176	107	2.32e-30
CJJ81176_RS08225	b3320	36.410	93	191	209	195	90.5	1.00e-23
CJJ81176_RS08230	b3321	58.763	94	103	103	97	127	1.54e-40
CJJ81176_RS08235	b1269	30.544	90	253	291	239	110	6.10e-30
CJJ81176_RS08240	b0913	30.645	9	664	754	62	35.4	0.012
CJJ81176_RS08245	b0051	28.679	95	266	273	265	104	1.27e-27
CJJ81176_RS08250	b3244	23.529	48	178	481	85	25.0	3.2
CJJ81176_RS08255	b2517	39.776	97	356	384	357	246	1.02e-79
CJJ81176_RS08260	b0577	56.250	50	32	415	16	21.6	1.4
CJJ81176_RS09180	b2015	29.167	8	318	309	24	25.8	4.2
CJJ81176_RS08290	b0726	28.302	20	176	933	53	27.7	0.54
CJJ81176_RS08295	b0071	48.990	99	200	201	198	202	3.05e-67
CJJ81176_RS08300	b0072	60.475	99	470	466	463	590	0.0
CJJ81176_RS08305	b0073	59.280	99	358	363	361	431	1.32e-152
CJJ81176_RS08310	b0074	59.604	98	511	523	505	621	0.0
CJJ81176_RS08315	b2824	34.375	15	209	135	32	25.8	1.4
CJJ81176_RS08320	b2062	25.758	62	214	379	132	34.7	0.004
CJJ81176_RS08325	b2794	21.622	58	127	282	74	32.3	0.006
CJJ81176_RS08330	b0720	41.379	15	199	427	29	26.2	1.9
CJJ81176_RS08335	b4013	42.020	100	293	309	307	239	7.61e-79
CJJ81176_RS08340	b3939	29.647	100	423	386	425	194	9.25e-59
CJJ81176_RS08350	b1076	33.750	52	838	402	240	117	3.35e-29
CJJ81176_RS08350	b1076	34.184	52	838	402	196	85.9	1.28e-18
CJJ81176_RS08355	b1863	34.848	83	160	173	132	71.2	5.10e-17
CJJ81176_RS08370	b0950	38.636	10	378	417	44	29.6	0.33
CJJ81176_RS08380	b3619	26.316	50	101	310	57	23.1	5.4
CJJ81176_RS08385	b1496	31.915	36	132	561	47	29.3	0.088
CJJ81176_RS08390	b2408	28.049	46	170	254	82	30.4	0.042
CJJ81176_RS08395	b0439	30.952	23	185	784	42	27.7	0.55
CJJ81176_RS08400	b1713	35.484	35	88	795	31	24.6	1.2
CJJ81176_RS08405	b1175	54.167	13	186	270	24	26.6	1.2
CJJ81176_RS08410	b2875	33.333	60	88	541	54	26.2	0.38
CJJ81176_RS08415	b0059	26.471	5	1932	968	102	33.9	0.13
CJJ81176_RS08420	b1448	25.806	26	234	172	62	26.6	1.3
CJJ81176_RS08425	b3170	41.071	11	462	150	56	29.3	0.31
CJJ81176_RS08430	b2617	22.222	25	183	113	45	23.9	4.6
CJJ81176_RS08435	b1439	28.947	41	93	468	38	26.6	0.30
CJJ81176_RS08440	b1388	38.889	17	203	309	36	27.3	0.65
CJJ81176_RS08445	b1640	26.316	30	217	369	76	28.9	0.30
CJJ81176_RS08450	b3306	39.130	11	408	130	46	27.7	0.69
CJJ81176_RS08455	b2813	40.625	36	87	365	32	23.9	1.8
CJJ81176_RS08460	b0221	25.000	52	85	814	44	24.3	1.5
CJJ81176_RS08470	b1650	42.308	36	72	365	26	23.5	1.8
CJJ81176_RS08475	b4392	31.250	84	67	645	64	22.7	2.9
CJJ81176_RS08480	b2731	25.806	20	597	692	124	33.5	0.041
CJJ81176_RS08485	b1158	43.046	74	204	184	151	95.9	6.07e-26
CJJ81176_RS08490	b2592	38.710	25	125	857	31	23.9	4.7
CJJ81176_RS08495	b3426	41.667	22	107	501	24	24.6	1.9
CJJ81176_RS08500	b2557	37.500	49	87	1295	48	26.2	0.38
CJJ81176_RS08505	b0435	27.027	8	922	105	74	27.7	1.2
CJJ81176_RS08510	b2813	26.667	22	188	365	45	25.4	2.5
CJJ81176_RS08515	b2176	29.787	21	221	518	47	28.9	0.27
CJJ81176_RS08520	b4059	37.374	70	141	178	99	67.0	1.30e-15
CJJ81176_RS08525	b0900	31.373	54	89	302	51	24.3	1.3
CJJ81176_RS08530	b0315	29.851	20	323	362	67	28.1	0.73
CJJ81176_RS08535	b2060	28.788	20	332	720	66	28.5	0.79
CJJ81176_RS08540	b4067	31.579	58	55	549	38	23.9	0.70
CJJ81176_RS08545	b0027	33.333	14	220	164	30	25.4	3.0
CJJ81176_RS08550	b2076	21.739	68	295	1025	207	28.9	0.53
CJJ81176_RS08555	b2875	24.242	17	391	541	66	28.9	0.61
CJJ81176_RS08560	b2950	30.693	30	330	326	101	50.4	5.68e-08
CJJ81176_RS08565	b1412	36.364	7	603	201	44	27.3	2.7
CJJ81176_RS08570	b0121	35.135	25	145	288	37	27.3	0.38
CJJ81176_RS08575	b1294	23.913	18	254	547	46	26.9	1.4
CJJ81176_RS08580	b4291	31.169	28	265	774	77	29.6	0.24
CJJ81176_RS08585	b2920	25.000	41	206	492	88	26.6	1.5
CJJ81176_RS08590	b1763	35.761	82	730	653	618	390	2.89e-127
CJJ81176_RS08595	b1645	25.424	12	473	670	59	31.2	0.16
CJJ81176_RS08600	b1586	34.783	39	59	101	23	23.9	0.66
CJJ81176_RS08605	b3340	26.599	95	639	704	688	215	6.47e-62
CJJ81176_RS09025	b0397	31.579	67	57	1048	38	26.2	0.12
CJJ81176_RS08610	b2186	31.707	18	222	335	41	27.3	0.76
CJJ81176_RS08615	b1653	34.146	29	140	1538	41	30.0	0.051
CJJ81176_RS08620	b4080	25.581	19	225	488	43	25.8	3.0
CJJ81176_RS08625	b3132	32.258	17	356	426	62	32.0	0.058
CJJ81176_RS08630	b0437	25.316	20	378	207	79	27.3	1.6
CJJ81176_RS08635	b2519	39.130	35	66	770	23	23.1	1.9
CJJ81176_RS08640	b3326	31.858	35	317	493	113	53.5	7.07e-09
CJJ81176_RS08645	b1038	27.692	44	135	138	65	24.6	2.3
CJJ81176_RS08650	b3178	29.730	16	628	644	111	44.7	1.43e-05
CJJ81176_RS09110	b0957	50.000	36	56	346	20	21.9	3.6
CJJ81176_RS08655	b3803	37.975	26	293	393	79	33.1	0.019
CJJ81176_RS08660	b2053	37.143	39	89	373	35	25.4	0.62
CJJ81176_RS08665	b3526	50.000	7	382	309	26	26.6	2.8
CJJ81176_RS08670	b1274	28.547	82	655	865	578	187	2.68e-51
CJJ81176_RS08675	b3396	32.558	36	121	850	43	24.6	2.4
CJJ81176_RS08680	b4059	43.434	64	152	178	99	84.3	3.99e-22
CJJ81176_RS09185	b1287	46.429	49	57	375	28	27.3	0.042
CJJ81176_RS08685	b0571	26.667	29	155	227	45	24.6	3.3
CJJ81176_RS08690	b2507	27.160	48	164	525	81	23.5	8.8
CJJ81176_RS08695	b1602	26.667	26	117	462	30	22.7	8.4
CJJ81176_RS08705	b1488	27.907	24	181	193	43	27.7	0.40
CJJ81176_RS08710	b0054	38.095	30	137	784	42	27.3	0.40
CJJ81176_RS08715	b3726	28.378	53	135	296	74	25.8	1.1
CJJ81176_RS08720	b3429	32.432	64	107	477	74	27.7	0.15
CJJ81176_RS08730	b1175	25.904	58	222	270	166	40.0	5.20e-05
CJJ81176_RS08735	b1773	27.083	42	209	278	96	25.8	2.2
CJJ81176_RS08740	b2374	36.538	19	278	416	52	30.0	0.16
CJJ81176_RS08745	b3602	41.667	10	373	120	36	25.4	4.2
CJJ81176_RS08750	b0981	32.692	18	292	726	52	28.9	0.50
CJJ81176_RS08755	b2335	23.438	25	260	170	64	25.8	2.8
CJJ81176_RS08760	b0838	31.915	19	239	208	47	27.3	0.82
CJJ81176_RS08765	b0892	27.273	16	417	447	66	26.9	3.2
CJJ81176_RS08770	b3050	83.333	8	142	209	12	26.6	0.52
CJJ81176_RS08775	b3506	34.483	25	114	188	29	25.0	1.2
CJJ81176_RS08780	b0684	31.111	43	102	176	45	25.0	0.89
CJJ81176_RS08785	b1494	58.824	23	73	931	17	22.7	3.5
CJJ81176_RS08795	b0619	40.625	24	136	552	32	26.6	0.72
CJJ81176_RS08800	b1272	30.612	34	143	349	49	25.8	1.4
CJJ81176_RS08805	b3384	32.759	93	61	334	58	23.1	1.9
CJJ81176_RS09115	b2256	40.000	63	56	296	35	31.2	0.002
CJJ81176_RS08815	b0462	28.205	31	121	1049	39	24.6	2.8
CJJ81176_RS08820	b0182	26.531	41	111	382	49	24.3	2.7
CJJ81176_RS08825	b0098	17.822	84	120	901	101	27.7	0.21
CJJ81176_RS08830	b4049	26.562	42	134	345	64	27.7	0.28
CJJ81176_RS08835	b1703	27.273	25	130	277	33	27.3	0.35
CJJ81176_RS08840	b0544	38.095	8	523	508	42	28.1	1.7
CJJ81176_RS08845	b0603	30.435	43	101	300	46	24.6	1.5
CJJ81176_RS08850	b3874	46.341	49	80	421	41	26.6	0.17
CJJ81176_RS08855	b1158	35.000	9	822	184	80	32.3	0.083
CJJ81176_RS09190	b0983	30.769	93	42	379	39	26.2	0.059
