CJJ81176_RS00005	Cj0001	99.318	100	440	440	440	885	0.0
CJJ81176_RS00010	Cj0002	99.718	100	355	355	355	703	0.0
CJJ81176_RS00015	Cj0003	99.350	100	769	769	769	1568	0.0
CJJ81176_RS00020	Cj0004c	98.230	100	113	113	113	230	1.03e-81
CJJ81176_RS00025	Cj0005c	100.000	100	412	412	412	843	0.0
CJJ81176_RS00030	Cj0006	99.770	100	435	435	435	859	0.0
CJJ81176_RS00035	Cj0007	99.666	100	1495	1496	1495	3060	0.0
CJJ81176_RS00040	Cj0008	23.592	40	573	583	284	44.3	6.11e-06
CJJ81176_RS00045	Cj0009	97.089	100	481	481	481	964	0.0
CJJ81176_RS00050	Cj0010c	100.000	100	191	191	191	382	2.02e-139
CJJ81176_RS00055	Cj0011c	98.734	100	79	79	79	149	8.80e-51
CJJ81176_RS00060	Cj0012c	100.000	100	215	215	215	440	1.59e-161
CJJ81176_RS00065	Cj0013	97.849	100	558	558	558	1114	0.0
CJJ81176_RS00070	Cj0014c	98.485	50	132	174	66	138	3.83e-44
CJJ81176_RS00075	Cj0015c	100.000	100	408	408	408	830	0.0
CJJ81176_RS00080	Cj0016	99.107	100	224	224	224	448	2.60e-164
CJJ81176_RS00085	Cj0017c	100.000	100	508	508	508	1036	0.0
CJJ81176_RS00090	Cj0018c	100.000	100	55	55	55	104	2.30e-33
CJJ81176_RS00095	Cj0019c	99.831	100	592	592	592	1155	0.0
CJJ81176_RS00100	Cj0020c	99.342	100	304	304	304	631	0.0
CJJ81176_RS00105	Cj0021c	98.630	100	292	292	292	589	0.0
CJJ81176_RS00110	Cj0022c	100.000	100	300	300	300	605	0.0
CJJ81176_RS00115	Cj0023	100.000	100	442	442	442	910	0.0
CJJ81176_RS00120	Cj0024	99.620	100	789	789	789	1625	0.0
CJJ81176_RS00125	Cj0025c	98.698	100	461	461	461	910	0.0
CJJ81176_RS00130	Cj0026c	100.000	100	207	207	207	429	3.65e-157
CJJ81176_RS00135	Cj0027	99.632	100	543	543	543	1106	0.0
CJJ81176_RS00140	Cj0028	99.618	100	523	523	523	1055	0.0
CJJ81176_RS00145	Cj0029	90.030	95	348	331	331	580	0.0
CJJ81176_RS00175	Cj0854c	81.818	2	656	115	11	27.7	0.45
CJJ81176_RS00180	Cj1357c	33.333	8	689	610	63	30.8	0.12
CJJ81176_RS00185	Cj0603c	27.586	59	194	567	116	35.0	0.001
CJJ81176_RS00190	Cj1013c	44.070	99	901	1081	742	600	0.0
CJJ81176_RS00190	Cj1013c	32.044	99	901	1081	181	92.8	1.71e-20
CJJ81176_RS00195	Cj1328	26.042	17	556	384	96	25.4	4.2
CJJ81176_RS00200	Cj0031	81.782	100	1244	1243	1257	1966	0.0
CJJ81176_RS00205	Cj0775c	39.344	18	294	870	61	28.9	0.17
CJJ81176_RS00210	Cj0508	33.065	25	480	643	124	53.1	9.42e-09
CJJ81176_RS00215	Cj0033	80.728	90	513	593	467	652	0.0
CJJ81176_RS00220	Cj0034c	97.425	100	233	233	233	456	3.82e-167
CJJ81176_RS00225	Cj0035c	99.250	99	403	400	400	781	0.0
CJJ81176_RS00230	Cj0036	99.555	100	449	449	449	880	0.0
CJJ81176_RS00235	Cj0037c	99.712	100	347	347	347	715	0.0
CJJ81176_RS00240	Cj0038c	97.674	100	215	215	215	404	3.39e-147
CJJ81176_RS00245	Cj0039c	99.502	100	602	602	602	1211	0.0
CJJ81176_RS00250	Cj0040	97.196	100	107	107	107	196	2.73e-68
CJJ81176_RS00255	Cj0041	96.399	100	610	598	611	1116	0.0
CJJ81176_RS00260	Cj0042	100.000	100	294	294	294	587	0.0
CJJ81176_RS00265	Cj0043	99.817	100	545	545	545	1084	0.0
CJJ81176_RS00270	Cj0044c	94.703	100	622	623	623	1176	0.0
CJJ81176_RS00275	Cj0045c	97.037	56	239	240	135	261	4.27e-90
CJJ81176_RS09120	Cj1687	27.586	90	61	423	58	22.3	1.0
CJJ81176_RS00285	Cj0306c	38.095	32	111	380	42	22.7	3.6
CJJ81176_RS00290	Cj0770c	34.375	43	74	258	32	25.4	0.16
CJJ81176_RS00295	Cj1570c	34.722	86	79	172	72	24.3	0.37
CJJ81176_RS00300	Cj0142c	37.838	34	108	284	37	23.1	2.3
CJJ81176_RS00305	Cj0053c	99.704	100	338	338	338	690	0.0
CJJ81176_RS00310	Cj0054c	99.005	100	201	201	201	402	5.89e-147
CJJ81176_RS00315	Cj0055c	99.237	100	262	274	262	521	0.0
CJJ81176_RS00320	Cj1545c	31.818	23	164	192	44	25.4	0.75
CJJ81176_RS00325	Cj0057	88.462	9	285	284	26	52.0	3.78e-09
CJJ81176_RS00330	Cj0058	93.846	33	199	199	65	124	4.43e-37
CJJ81176_RS00335	Cj0059c	99.286	100	280	280	280	563	0.0
CJJ81176_RS00340	Cj0060c	100.000	100	359	359	359	722	0.0
CJJ81176_RS00345	Cj0061c	100.000	100	230	238	230	454	2.22e-166
CJJ81176_RS00350	Cj0062c	99.153	100	118	118	118	233	2.16e-82
CJJ81176_RS00355	Cj0063c	100.000	100	288	288	288	574	0.0
CJJ81176_RS00360	Cj0064c	99.587	100	484	484	484	988	0.0
CJJ81176_RS00365	Cj0065c	100.000	100	157	157	157	321	3.95e-116
CJJ81176_RS00370	Cj0066c	100.000	100	159	159	159	326	3.02e-118
CJJ81176_RS00375	Cj0067	99.511	100	409	409	409	823	0.0
CJJ81176_RS00380	Cj0068	98.993	100	298	298	298	585	0.0
CJJ81176_RS00385	Cj0069	100.000	100	343	343	343	705	0.0
CJJ81176_RS09125	Cj1224	62.832	97	116	199	113	154	2.00e-50
CJJ81176_RS09130	Cj1224	51.648	91	98	199	91	93.6	1.06e-26
CJJ81176_RS00405	Cj0073c	99.541	100	218	218	218	440	3.88e-161
CJJ81176_RS00410	Cj0074c	99.791	100	479	479	479	997	0.0
CJJ81176_RS00415	Cj0075c	98.374	100	246	246	246	500	0.0
CJJ81176_RS00420	Cj0076c	100.000	100	560	560	560	1098	0.0
CJJ81176_RS00425	Cj0077c	100.000	100	189	189	189	379	2.82e-138
CJJ81176_RS00430	Cj0078c	100.000	100	265	265	265	544	0.0
CJJ81176_RS00435	Cj0079c	100.000	100	268	268	268	555	0.0
CJJ81176_RS00440	Cj0080	100.000	100	77	89	77	147	1.36e-49
CJJ81176_RS00445	Cj0081	99.808	100	520	520	520	1060	0.0
CJJ81176_RS00450	Cj0082	100.000	100	374	374	374	741	0.0
CJJ81176_RS00460	Cj0085c	99.134	100	231	231	231	454	2.36e-166
CJJ81176_RS00465	Cj0086c	99.567	100	231	231	231	463	6.22e-170
CJJ81176_RS00470	Cj0087	99.573	100	468	468	468	964	0.0
CJJ81176_RS00475	Cj0088	98.876	100	445	445	445	868	0.0
CJJ81176_RS00480	Cj0089	97.792	100	453	453	453	891	0.0
CJJ81176_RS00485	Cj0090	97.541	100	122	122	122	239	4.72e-85
CJJ81176_RS00490	Cj0091	99.517	100	207	207	207	416	2.65e-152
CJJ81176_RS00495	Cj0092	99.326	100	445	445	445	899	0.0
CJJ81176_RS00500	Cj0093	99.250	100	400	400	400	792	0.0
CJJ81176_RS00505	Cj0094	100.000	100	102	102	102	199	1.32e-69
CJJ81176_RS00510	Cj0095	100.000	100	84	84	84	169	1.63e-58
CJJ81176_RS00515	Cj0096	99.425	98	356	350	348	689	0.0
CJJ81176_RS00520	Cj0097	100.000	100	251	251	251	502	0.0
CJJ81176_RS00525	Cj0098	98.361	100	305	305	305	605	0.0
CJJ81176_RS00530	Cj0099	97.235	100	217	217	217	425	2.61e-155
CJJ81176_RS00535	Cj0100	100.000	100	261	261	261	523	0.0
CJJ81176_RS00540	Cj0101	99.640	100	278	278	278	545	0.0
CJJ81176_RS00545	Cj0102	99.291	100	141	141	141	275	1.37e-98
CJJ81176_RS00550	Cj0103	100.000	100	170	170	170	336	1.39e-121
CJJ81176_RS00555	Cj0104	100.000	100	173	173	173	333	1.49e-120
CJJ81176_RS00560	Cj0105	99.800	100	501	501	501	1006	0.0
CJJ81176_RS00565	Cj0106	98.299	100	294	294	294	585	0.0
CJJ81176_RS00570	Cj0107	100.000	100	465	465	465	945	0.0
CJJ81176_RS00575	Cj0108	100.000	100	129	129	129	258	2.19e-92
CJJ81176_RS00580	Cj0109	99.457	100	184	184	184	362	1.80e-131
CJJ81176_RS00585	Cj0110	99.225	100	129	129	129	256	1.94e-91
CJJ81176_RS00590	Cj0111	98.456	100	259	259	259	510	0.0
CJJ81176_RS00595	Cj0112	98.507	100	402	402	402	797	0.0
CJJ81176_RS00600	Cj0113	100.000	100	165	165	165	336	9.74e-122
CJJ81176_RS00605	Cj0114	100.000	100	315	315	315	624	0.0
CJJ81176_RS00610	Cj0115	98.953	100	191	189	191	376	7.86e-137
CJJ81176_RS00615	Cj0116	98.366	100	306	306	306	604	0.0
CJJ81176_RS00620	Cj0117	99.563	100	229	229	229	459	1.47e-168
CJJ81176_RS00625	Cj0118	98.800	99	251	251	250	514	0.0
CJJ81176_RS00630	Cj0119	98.266	100	173	173	173	349	7.70e-127
CJJ81176_RS00635	Cj0120	99.020	100	204	204	204	410	9.39e-150
CJJ81176_RS00640	Cj0121	98.496	99	134	135	133	260	1.06e-92
CJJ81176_RS00645	Cj0794	65.967	96	417	426	429	481	1.08e-170
CJJ81176_RS00650	Cj0123c	96.066	100	305	308	305	602	0.0
CJJ81176_RS00655	Cj0124c	98.780	100	328	328	328	635	0.0
CJJ81176_RS00660	Cj0125c	100.000	100	120	120	120	243	2.19e-86
CJJ81176_RS00665	Cj0126c	98.658	100	149	153	149	298	2.88e-107
CJJ81176_RS00670	Cj0127c	98.571	100	280	280	280	569	0.0
CJJ81176_RS00675	Cj0128c	99.167	100	240	240	240	475	2.50e-174
CJJ81176_RS00680	Cj0129c	99.053	100	739	739	739	1481	0.0
CJJ81176_RS00685	Cj0130	99.636	100	275	275	275	559	0.0
CJJ81176_RS00690	Cj0131	98.906	100	457	457	457	922	0.0
CJJ81176_RS00695	Cj0132	98.980	100	294	294	294	595	0.0
CJJ81176_RS00700	Cj0133	99.248	100	133	133	133	262	1.28e-93
CJJ81176_RS00705	Cj0134	99.658	100	292	292	292	583	0.0
CJJ81176_RS00710	Cj0135	100.000	100	85	85	85	174	2.21e-60
CJJ81176_RS00715	Cj0136	99.541	100	871	871	871	1730	0.0
CJJ81176_RS00720	Cj0137	99.167	100	120	120	120	246	1.22e-87
CJJ81176_RS00725	Cj0138	97.143	100	140	140	140	272	2.05e-97
CJJ81176_RS00730	Cj0139	61.017	73	631	783	472	490	4.43e-166
CJJ81176_RS09135	Cj0140	94.737	85	156	443	133	248	2.53e-83
CJJ81176_RS00735	Cj0140	96.918	100	292	443	292	577	0.0
CJJ81176_RS00740	Cj0141c	97.004	100	267	267	267	507	0.0
CJJ81176_RS00745	Cj0142c	97.887	100	284	284	284	567	0.0
CJJ81176_RS00750	Cj0143c	98.649	100	296	296	296	595	0.0
CJJ81176_RS00755	Cj0144	100.000	100	659	659	659	1327	0.0
CJJ81176_RS00760	Cj0145	98.314	100	593	593	593	1210	0.0
CJJ81176_RS00765	Cj0146c	98.077	100	312	312	312	625	0.0
CJJ81176_RS00770	Cj0147c	99.038	100	104	104	104	213	4.95e-75
CJJ81176_RS00775	Cj0148c	100.000	100	112	112	112	220	8.02e-78
CJJ81176_RS00780	Cj0149c	98.554	100	415	415	415	826	0.0
CJJ81176_RS00785	Cj0150c	99.250	100	400	400	400	825	0.0
CJJ81176_RS00790	Cj0151c	99.254	100	268	268	268	521	0.0
CJJ81176_RS00795	Cj0152c	99.038	100	312	312	312	613	0.0
CJJ81176_RS00800	Cj0153c	99.559	100	227	227	227	449	1.90e-164
CJJ81176_RS00805	Cj0154c	99.270	100	274	274	274	544	0.0
CJJ81176_RS00810	Cj0155c	100.000	100	66	66	66	138	1.65e-46
CJJ81176_RS00815	Cj0156c	99.083	100	218	218	218	433	1.17e-158
CJJ81176_RS00820	Cj0157c	100.000	100	135	135	135	265	1.30e-94
CJJ81176_RS00825	Cj0158c	96.454	100	141	141	141	273	9.48e-98
CJJ81176_RS00830	Cj0159c	99.482	100	193	193	193	400	3.57e-146
CJJ81176_RS00835	Cj0160c	98.785	100	247	247	247	496	0.0
CJJ81176_RS00840	Cj0161c	100.000	100	320	320	320	647	0.0
CJJ81176_RS00845	Cj0162c	100.000	100	171	171	171	337	6.05e-122
CJJ81176_RS00850	Cj0163c	99.394	100	165	165	165	323	1.38e-116
CJJ81176_RS00855	Cj0164c	97.619	100	294	294	294	572	0.0
CJJ81176_RS00860	Cj0166	98.270	100	289	289	289	573	0.0
CJJ81176_RS00865	Cj0167c	100.000	100	187	187	187	359	1.95e-130
CJJ81176_RS00875	Cj0168c	91.667	100	60	55	60	102	9.54e-33
CJJ81176_RS00880	Cj0169	100.000	100	220	220	220	458	1.88e-168
CJJ81176_RS09140	Cj0170	95.652	30	230	247	69	140	1.17e-42
CJJ81176_RS00895	Cj0172c	99.002	100	401	401	401	827	0.0
CJJ81176_RS00900	Cj0173c	99.338	100	302	302	302	603	0.0
CJJ81176_RS00905	Cj0174c	99.257	100	538	538	538	1058	0.0
CJJ81176_RS00910	Cj0175c	97.904	100	334	334	334	667	0.0
CJJ81176_RS00915	Cj0176c	100.000	100	38	43	38	80.9	1.36e-24
CJJ81176_RS00920	Cj0182	98.747	100	399	401	399	786	0.0
CJJ81176_RS00925	Cj0183	99.336	100	452	452	452	914	0.0
CJJ81176_RS00930	Cj0184c	98.438	97	394	384	384	766	0.0
CJJ81176_RS00935	Cj0817	43.590	49	69	256	39	25.0	0.19
CJJ81176_RS00940	Cj0186c	99.582	100	239	239	239	462	3.13e-169
CJJ81176_RS00945	Cj0187c	97.872	100	188	188	188	375	1.33e-136
CJJ81176_RS00950	Cj0188c	98.904	100	456	456	456	898	0.0
CJJ81176_RS00955	Cj0189c	100.000	100	232	232	232	465	1.15e-170
CJJ81176_RS00960	Cj0190c	99.401	100	501	501	501	1011	0.0
CJJ81176_RS00965	Cj0191c	99.429	100	175	175	175	352	6.72e-128
CJJ81176_RS00970	Cj0192c	99.485	100	194	194	194	395	3.14e-144
CJJ81176_RS00975	Cj0193c	98.423	100	444	444	444	852	0.0
CJJ81176_RS00980	Cj0194	99.474	100	190	190	190	390	2.92e-142
CJJ81176_RS00985	Cj0195	99.566	100	461	461	461	929	0.0
CJJ81176_RS00990	Cj0196c	100.000	100	445	445	445	912	0.0
CJJ81176_RS00995	Cj0197c	100.000	100	242	242	242	497	0.0
CJJ81176_RS01000	Cj0198c	99.746	100	393	393	393	793	0.0
CJJ81176_RS01005	Cj0199c	96.800	100	375	373	375	692	0.0
CJJ81176_RS01010	Cj0200c	99.130	100	115	115	115	233	1.58e-82
CJJ81176_RS01015	Cj0201c	98.947	100	190	201	190	378	1.35e-137
CJJ81176_RS01020	Cj1417c	44.828	25	114	200	29	21.6	6.7
CJJ81176_RS01025	Cj0203	99.777	100	448	448	448	875	0.0
CJJ81176_RS01030	Cj0204	99.699	100	665	665	665	1319	0.0
CJJ81176_RS01035	Cj0205	99.251	100	267	267	267	511	0.0
CJJ81176_RS01040	Cj0206	99.169	100	602	602	602	1223	0.0
CJJ81176_RS01045	Cj0207	100.000	100	172	172	172	348	1.26e-126
CJJ81176_RS01050	Cj0208	99.725	100	363	363	363	733	0.0
CJJ81176_RS09145	Cj0699c	24.138	5	1150	476	58	28.1	1.4
CJJ81176_RS01085	Cj0224	98.830	100	342	342	342	694	0.0
CJJ81176_RS01090	Cj0225	97.297	100	148	148	148	301	1.55e-108
CJJ81176_RS01095	Cj0226	99.644	100	281	281	281	558	0.0
CJJ81176_RS01100	Cj0227	98.987	100	395	395	395	800	0.0
CJJ81176_RS01105	Cj0228c	100.000	100	209	209	209	431	3.57e-158
CJJ81176_RS01110	Cj0229	98.901	100	182	182	182	367	9.10e-134
CJJ81176_RS01115	Cj0230c	99.125	100	457	457	457	920	0.0
CJJ81176_RS01120	Cj0231c	100.000	100	340	340	340	706	0.0
CJJ81176_RS01125	Cj0232c	98.529	100	136	136	136	263	9.55e-94
CJJ81176_RS01130	Cj0233c	99.010	100	202	202	202	404	9.53e-148
CJJ81176_RS01135	Cj0234c	99.465	100	187	187	187	376	3.97e-137
CJJ81176_RS01140	Cj0235c	100.000	100	123	123	123	239	4.41e-85
CJJ81176_RS01145	Cj0236c	100.000	100	231	231	231	451	2.81e-165
CJJ81176_RS01150	Cj0237	100.000	100	211	211	211	438	7.65e-161
CJJ81176_RS01155	Cj0238	98.884	100	627	627	627	1246	0.0
CJJ81176_RS01160	Cj0239c	100.000	100	323	323	323	668	0.0
CJJ81176_RS01165	Cj0240c	99.491	100	393	393	393	808	0.0
CJJ81176_RS01170	Cj0241c	99.248	100	133	133	133	259	1.80e-92
CJJ81176_RS01175	Cj0243c	98.969	100	388	388	388	762	0.0
CJJ81176_RS01180	Cj0244	98.413	100	63	63	63	121	6.45e-40
CJJ81176_RS01185	Cj0245	100.000	100	117	117	117	226	7.04e-80
CJJ81176_RS01190	Cj1067	34.091	16	271	178	44	24.6	2.6
CJJ81176_RS09150	Cj0129c	38.235	77	44	739	34	22.7	0.43
CJJ81176_RS09155	Cj1108	32.759	46	121	709	58	25.8	0.37
CJJ81176_RS01200	Cj0248	98.246	100	285	285	285	570	0.0
CJJ81176_RS01205	Cj0249	99.371	100	159	159	159	327	1.33e-118
CJJ81176_RS01210	Cj0250c	98.853	100	436	436	436	869	0.0
CJJ81176_RS01215	Cj0251c	98.039	100	51	51	51	87.0	1.30e-26
CJJ81176_RS01220	Cj0252	95.541	100	157	157	157	305	1.02e-109
CJJ81176_RS01225	Cj0253	96.552	100	87	87	87	175	1.10e-60
CJJ81176_RS01230	Cj0254	99.741	100	386	386	386	756	0.0
CJJ81176_RS01235	Cj0255c	98.810	100	252	252	252	511	0.0
CJJ81176_RS01240	Cj0256	98.242	100	512	512	512	1027	0.0
CJJ81176_RS01245	Cj0257	97.458	100	118	118	118	226	6.02e-80
CJJ81176_RS01250	Cj0258	97.531	100	81	81	81	154	1.09e-52
CJJ81176_RS01255	Cj0259	98.209	100	335	335	335	679	0.0
CJJ81176_RS01260	Cj0260c	96.552	79	73	71	58	100	1.36e-31
CJJ81176_RS01265	Cj0261c	96.653	100	239	239	239	468	1.56e-171
CJJ81176_RS01270	Cj0262c	100.000	100	665	665	665	1339	0.0
CJJ81176_RS01275	Cj0263	100.000	100	291	291	291	577	0.0
CJJ81176_RS01280	Cj0264c	99.523	100	838	838	838	1733	0.0
CJJ81176_RS01285	Cj0265c	96.335	100	191	191	191	377	2.61e-137
CJJ81176_RS01290	Cj0266c	97.041	100	169	169	169	337	3.99e-122
CJJ81176_RS01295	Cj0267c	99.432	100	176	176	176	349	1.44e-126
CJJ81176_RS01300	Cj0268c	99.724	100	362	362	362	726	0.0
CJJ81176_RS01305	Cj0269c	99.342	100	304	304	304	623	0.0
CJJ81176_RS01310	Cj0270	98.529	100	68	68	68	131	6.68e-44
CJJ81176_RS01315	Cj0271	96.689	100	151	151	151	297	7.76e-107
CJJ81176_RS01320	Cj0272	96.143	100	363	363	363	724	0.0
CJJ81176_RS01325	Cj0273	100.000	100	146	146	146	298	2.55e-107
CJJ81176_RS01330	Cj0274	98.479	100	263	263	263	531	0.0
CJJ81176_RS01335	Cj0275	99.509	100	407	417	407	822	0.0
CJJ81176_RS01340	Cj0276	99.422	100	346	346	346	674	0.0
CJJ81176_RS01345	Cj0277	99.197	100	249	249	249	497	0.0
CJJ81176_RS01350	Cj0279	99.357	100	1089	1089	1089	2225	0.0
CJJ81176_RS01355	Cj0280	100.000	100	140	140	140	286	4.60e-103
CJJ81176_RS01360	Cj0281c	99.077	100	325	325	325	652	0.0
CJJ81176_RS01365	Cj0282c	96.135	100	207	207	207	404	1.67e-147
CJJ81176_RS01370	Cj0283c	100.000	100	173	173	173	348	1.35e-126
CJJ81176_RS01375	Cj0284c	98.700	100	769	769	769	1528	0.0
CJJ81176_RS01380	Cj0285c	99.686	100	318	318	318	640	0.0
CJJ81176_RS01385	Cj0286c	98.049	100	205	205	205	402	7.92e-147
CJJ81176_RS01390	Cj0287c	98.758	100	161	161	161	323	9.35e-117
CJJ81176_RS01395	Cj0288c	97.802	100	364	364	364	717	0.0
CJJ81176_RS01400	Cj0289c	99.200	100	250	250	250	504	0.0
CJJ81176_RS01405	Cj0339	23.832	56	364	453	214	35.4	0.002
CJJ81176_RS01410	Cj0293	99.612	100	258	258	258	522	0.0
CJJ81176_RS01415	Cj0294	95.392	100	217	219	217	363	7.55e-131
CJJ81176_RS01420	Cj0296c	98.413	100	126	126	126	253	1.96e-90
CJJ81176_RS01425	Cj0297c	96.809	100	282	282	282	563	0.0
CJJ81176_RS01430	Cj0298c	98.905	100	274	274	274	550	0.0
CJJ81176_RS01435	Cj0300c	79.932	99	296	294	294	473	1.33e-171
CJJ81176_RS01440	Cj0301c	85.520	99	222	224	221	381	7.85e-138
CJJ81176_RS01445	Cj0302c	64.615	98	133	133	130	170	4.34e-57
CJJ81176_RS01450	Cj0303c	79.920	100	249	249	249	390	1.52e-140
CJJ81176_RS01455	Cj0304c	75.877	100	228	228	228	355	3.20e-127
CJJ81176_RS01460	Cj0305c	69.951	100	203	203	203	285	1.18e-100
CJJ81176_RS01465	Cj0306c	75.789	100	380	380	380	568	0.0
CJJ81176_RS01470	Cj0307	97.892	100	427	427	427	866	0.0
CJJ81176_RS01475	Cj0308c	100.000	100	201	201	201	404	1.11e-147
CJJ81176_RS01480	Cj0309c	99.038	100	104	104	104	201	2.84e-70
CJJ81176_RS01485	Cj0310c	100.000	100	112	112	112	214	3.51e-75
CJJ81176_RS01490	Cj0311	99.438	100	178	178	178	347	6.96e-126
CJJ81176_RS01495	Cj0312	99.448	100	181	181	181	355	7.88e-129
CJJ81176_RS01500	Cj0313	98.864	100	352	352	352	691	0.0
CJJ81176_RS01505	Cj0314	98.259	100	402	402	402	807	0.0
CJJ81176_RS01510	Cj0315	97.255	100	255	255	255	501	0.0
CJJ81176_RS01515	Cj0316	98.880	100	357	357	357	728	0.0
CJJ81176_RS01520	Cj0317	96.154	100	364	364	364	712	0.0
CJJ81176_RS01525	Cj0318	99.643	100	560	560	560	1123	0.0
CJJ81176_RS01530	Cj0319	100.000	100	342	342	342	689	0.0
CJJ81176_RS01535	Cj0320	98.188	100	276	276	276	540	0.0
CJJ81176_RS01540	Cj0321	99.512	100	615	615	615	1259	0.0
CJJ81176_RS01545	Cj0322	97.794	100	136	136	136	268	1.02e-95
CJJ81176_RS01550	Cj0323	98.995	100	398	398	398	756	0.0
CJJ81176_RS01555	Cj0324	98.723	100	235	235	235	469	4.23e-172
CJJ81176_RS01560	Cj0325	99.742	100	387	387	387	785	0.0
CJJ81176_RS01565	Cj0326	98.603	100	358	358	358	738	0.0
CJJ81176_RS01570	Cj0327	99.138	100	116	116	116	237	2.57e-84
CJJ81176_RS01575	Cj0328c	100.000	100	324	324	324	660	0.0
CJJ81176_RS01580	Cj0329c	98.780	100	328	328	328	656	0.0
CJJ81176_RS01585	Cj0330c	100.000	100	48	48	48	97.4	6.22e-31
CJJ81176_RS01590	Cj0331c	98.291	100	117	117	117	231	1.11e-81
CJJ81176_RS01595	Cj0332c	99.270	100	137	137	137	275	8.26e-99
CJJ81176_RS01600	Cj0333c	97.872	100	94	94	94	188	1.62e-65
CJJ81176_RS01605	Cj0334	100.000	100	198	198	198	408	2.69e-149
CJJ81176_RS01610	Cj0335	99.167	98	368	362	360	717	0.0
CJJ81176_RS01615	Cj0336c	99.595	100	247	247	247	505	0.0
CJJ81176_RS01620	Cj0337c	99.225	100	258	258	258	525	0.0
CJJ81176_RS01625	Cj0338c	99.772	100	879	879	879	1781	0.0
CJJ81176_RS01630	Cj0339	98.529	15	453	453	68	147	1.28e-40
CJJ81176_RS01635	Cj0340	98.209	100	335	335	335	675	0.0
CJJ81176_RS01640	Cj0341c	99.320	100	147	147	147	276	1.47e-98
CJJ81176_RS01645	Cj0342c	99.150	100	941	941	941	1902	0.0
CJJ81176_RS01650	Cj0343c	100.000	100	261	261	261	496	0.0
CJJ81176_RS01655	Cj0344	100.000	100	41	41	41	75.9	1.41e-22
CJJ81176_RS01660	Cj0345	100.000	100	416	416	416	834	0.0
CJJ81176_RS01665	Cj0346	99.812	100	533	533	533	1085	0.0
CJJ81176_RS01670	Cj0347	98.492	100	199	199	199	385	3.84e-140
CJJ81176_RS01675	Cj0348	100.000	100	392	392	392	798	0.0
CJJ81176_RS01680	Cj0349	99.598	100	249	249	249	499	0.0
CJJ81176_RS01685	Cj0350	100.000	100	140	140	140	283	7.15e-102
CJJ81176_RS01690	Cj0351	100.000	100	102	102	102	202	4.38e-71
CJJ81176_RS01695	Cj0352	99.245	100	265	265	265	528	0.0
CJJ81176_RS01700	Cj0353c	99.794	100	486	486	486	984	0.0
CJJ81176_RS01705	Cj0354c	100.000	100	81	81	81	159	1.79e-54
CJJ81176_RS01710	Cj0355c	100.000	100	223	223	223	454	7.85e-167
CJJ81176_RS01715	Cj0356c	99.048	100	105	105	105	203	2.53e-71
CJJ81176_RS01720	Cj0357c	98.020	100	202	202	202	386	1.27e-140
CJJ81176_RS01725	Cj0358	100.000	100	341	341	341	698	0.0
CJJ81176_RS01730	Cj0360	99.775	100	445	445	445	893	0.0
CJJ81176_RS01735	Cj0361	98.077	100	156	156	156	305	7.83e-110
CJJ81176_RS01740	Cj0362	98.667	100	150	150	150	308	2.72e-111
CJJ81176_RS01745	Cj0363c	98.661	100	448	448	448	897	0.0
CJJ81176_RS01750	Cj0364	100.000	100	83	83	83	164	1.29e-56
CJJ81176_RS01755	Cj0365c	99.797	100	492	492	492	993	0.0
CJJ81176_RS01760	Cj0366c	99.231	100	1040	1040	1040	2098	0.0
CJJ81176_RS01765	Cj0367c	98.365	100	367	367	367	729	0.0
CJJ81176_RS01770	Cj0368c	99.524	100	210	210	210	427	1.26e-156
CJJ81176_RS01775	Cj0369c	99.127	100	458	458	458	931	0.0
CJJ81176_RS01780	Cj0370	100.000	100	70	70	70	141	1.19e-47
CJJ81176_RS01790	Cj0371	100.000	100	201	201	201	396	1.38e-144
CJJ81176_RS01795	Cj0372	99.486	100	389	389	389	792	0.0
CJJ81176_RS01800	Cj0373	99.035	100	311	311	311	625	0.0
CJJ81176_RS01805	Cj0374	96.933	100	163	163	163	303	5.53e-109
CJJ81176_RS01810	Cj0375	96.203	100	158	158	158	308	4.97e-111
CJJ81176_RS01815	Cj0376	97.080	100	274	274	274	540	0.0
CJJ81176_RS01820	Cj0377	99.123	100	570	570	570	1125	0.0
CJJ81176_RS01825	Cj0378c	98.876	94	190	179	178	341	2.40e-123
CJJ81176_RS01830	Cj0379c	98.316	100	297	297	297	604	0.0
CJJ81176_RS01835	Cj0381c	93.363	100	226	279	226	435	4.17e-158
CJJ81176_RS01840	Cj0382c	99.242	100	132	132	132	260	5.89e-93
CJJ81176_RS01845	Cj0383c	100.000	100	154	154	154	313	4.87e-113
CJJ81176_RS01850	Cj0384c	98.524	100	271	271	271	550	0.0
CJJ81176_RS01855	Cj0385c	98.710	100	310	310	310	605	0.0
CJJ81176_RS01860	Cj0386	99.565	100	460	460	460	929	0.0
CJJ81176_RS01865	Cj0387	97.576	100	165	165	165	318	8.20e-115
CJJ81176_RS01870	Cj0388	97.492	100	319	319	319	645	0.0
CJJ81176_RS01875	Cj0389	99.027	100	411	411	411	836	0.0
CJJ81176_RS01880	Cj0390	99.024	100	820	820	820	1638	0.0
CJJ81176_RS01885	Cj0391c	99.052	100	211	211	211	415	1.13e-151
CJJ81176_RS01890	Cj0392c	99.167	100	480	480	480	966	0.0
CJJ81176_RS01895	Cj0393c	99.777	100	448	448	448	929	0.0
CJJ81176_RS01900	Cj0394c	99.522	100	209	209	209	420	1.20e-153
CJJ81176_RS01905	Cj0395c	97.917	100	96	96	96	189	9.39e-66
CJJ81176_RS01910	Cj0396c	98.795	100	332	332	332	652	0.0
CJJ81176_RS01915	Cj0397c	97.396	100	192	192	192	360	1.68e-130
CJJ81176_RS01920	Cj0398	98.936	100	94	94	94	184	5.26e-64
CJJ81176_RS01925	Cj0399	98.930	100	187	187	187	359	2.27e-130
CJJ81176_RS01930	Cj0400	100.000	100	157	157	157	325	1.17e-117
CJJ81176_RS01935	Cj0401	100.000	100	501	501	501	1017	0.0
CJJ81176_RS01940	Cj0402	99.034	100	414	414	414	851	0.0
CJJ81176_RS01945	Cj0403	100.000	100	180	181	180	374	2.02e-136
CJJ81176_RS01955	Cj0404	96.043	100	278	278	278	494	0.0
CJJ81176_RS01960	Cj0405	97.328	100	262	262	262	520	0.0
CJJ81176_RS01965	Cj0406c	96.656	100	299	299	299	578	0.0
CJJ81176_RS01970	Cj0407	99.262	100	271	271	271	542	0.0
CJJ81176_RS01975	Cj0408	100.000	100	260	260	260	534	0.0
CJJ81176_RS01980	Cj0409	100.000	100	663	663	663	1375	0.0
CJJ81176_RS01985	Cj0410	100.000	100	241	241	241	502	0.0
CJJ81176_RS01990	Cj0411	100.000	100	728	728	728	1406	0.0
CJJ81176_RS01995	Cj0412	100.000	100	609	609	609	1203	0.0
CJJ81176_RS02000	Cj0413	99.573	100	234	234	234	459	1.83e-168
CJJ81176_RS02005	Cj0414	100.000	100	242	242	242	500	0.0
CJJ81176_RS02010	Cj0415	99.825	100	573	573	573	1200	0.0
CJJ81176_RS02020	Cj0417	90.909	70	63	48	44	87.8	7.98e-27
CJJ81176_RS02025	Cj0418c	97.095	100	241	234	241	468	1.11e-171
CJJ81176_RS02030	Cj0419	98.333	100	120	120	120	238	2.41e-84
CJJ81176_RS02035	Cj0420	98.421	100	190	190	190	372	3.19e-135
CJJ81176_RS02040	Cj0421c	94.969	100	318	318	318	593	0.0
CJJ81176_RS02045	Cj0426	99.238	100	525	525	525	1059	0.0
CJJ81176_RS02050	Cj0427	100.000	100	111	111	111	231	5.84e-82
CJJ81176_RS02055	Cj0428	96.063	100	127	127	127	242	5.54e-86
CJJ81176_RS02060	Cj0429c	96.392	100	194	194	194	383	2.20e-139
CJJ81176_RS02065	Cj0430	99.020	100	408	408	408	794	0.0
CJJ81176_RS02070	Cj0431	99.510	83	245	204	204	413	1.96e-150
CJJ81176_RS02100	Cj0432c	98.259	100	402	402	402	811	0.0
CJJ81176_RS02105	Cj0433c	98.584	100	353	353	353	694	0.0
CJJ81176_RS02110	Cj0434	98.577	100	492	492	492	996	0.0
CJJ81176_RS02120	Cj0435	99.190	100	247	247	247	493	0.0
CJJ81176_RS02125	Cj0436	97.794	100	136	136	136	275	9.75e-99
CJJ81176_RS02130	Cj0437	99.018	100	611	611	611	1245	0.0
CJJ81176_RS02135	Cj0438	99.065	100	321	321	321	659	0.0
CJJ81176_RS02140	Cj0439	98.947	100	285	285	285	584	0.0
CJJ81176_RS02145	Cj0440c	99.099	100	222	222	222	449	1.62e-164
CJJ81176_RS02150	Cj0441	100.000	100	77	77	77	143	3.74e-48
CJJ81176_RS02155	Cj0442	99.010	100	404	404	404	812	0.0
CJJ81176_RS02160	Cj0443	99.038	100	312	312	312	629	0.0
CJJ81176_RS02165	Cj0755	34.262	99	684	696	718	365	2.44e-118
CJJ81176_RS02170	Cj0447	100.000	100	198	198	198	402	6.09e-147
CJJ81176_RS02175	Cj0448c	99.178	100	365	365	365	727	0.0
CJJ81176_RS02180	Cj0449c	100.000	100	71	71	71	141	1.43e-47
CJJ81176_RS02185	Cj0450c	100.000	100	64	64	64	129	2.62e-43
CJJ81176_RS02190	Cj0451	97.674	100	215	215	215	424	6.85e-155
CJJ81176_RS02195	Cj0452	98.024	100	253	253	253	505	0.0
CJJ81176_RS02200	Cj0453	99.767	100	430	430	430	889	0.0
CJJ81176_RS02205	Cj0454c	98.837	100	172	189	172	335	6.56e-121
CJJ81176_RS02210	Cj1124c	23.077	51	175	200	91	25.8	0.63
CJJ81176_RS02215	Cj0456c	98.119	100	319	319	319	620	0.0
CJJ81176_RS02220	Cj0457c	98.086	100	209	209	209	422	1.10e-154
CJJ81176_RS02225	Cj0458c	100.000	100	433	433	433	895	0.0
CJJ81176_RS02230	Cj0459c	100.000	100	80	88	80	163	6.30e-56
CJJ81176_RS02235	Cj0460	100.000	100	362	362	362	722	0.0
CJJ81176_RS02240	Cj0461c	99.747	100	395	395	395	786	0.0
CJJ81176_RS02245	Cj0462	99.713	100	348	348	348	724	0.0
CJJ81176_RS02250	Cj0463	100.000	100	406	406	406	806	0.0
CJJ81176_RS02255	Cj0464	98.847	100	607	607	607	1226	0.0
CJJ81176_RS02260	Cj0465c	99.213	100	127	127	127	260	5.10e-93
CJJ81176_RS02265	Cj0466	98.990	100	198	198	198	386	1.62e-140
CJJ81176_RS02270	Cj0467	99.142	100	233	233	233	455	7.37e-167
CJJ81176_RS02275	Cj0468	98.624	100	218	218	218	436	1.43e-159
CJJ81176_RS02280	Cj0469	99.590	99	245	253	244	496	0.0
CJJ81176_RS02305	Cj0470	100.000	100	399	399	399	812	0.0
CJJ81176_RS02310	Cj0471	100.000	100	52	52	52	103	2.24e-33
CJJ81176_RS02320	Cj0472	100.000	100	59	59	59	114	4.12e-37
CJJ81176_RS02325	Cj0473	100.000	100	177	177	177	359	1.09e-130
CJJ81176_RS02330	Cj0474	100.000	100	141	141	141	281	5.04e-101
CJJ81176_RS02335	Cj0475	100.000	100	233	233	233	468	7.00e-172
CJJ81176_RS02340	Cj0476	100.000	100	159	159	159	315	6.57e-114
CJJ81176_RS02345	Cj0477	98.400	100	125	125	125	228	1.65e-80
CJJ81176_RS02350	Cj0478	99.492	100	1378	1378	1378	2802	0.0
CJJ81176_RS02355	Cj0479	99.604	100	1517	1517	1517	3087	0.0
CJJ81176_RS02360	Cj0491	100.000	100	128	128	128	256	1.43e-91
CJJ81176_RS02365	Cj0492	100.000	100	156	156	156	318	4.43e-115
CJJ81176_RS02370	Cj0493	99.855	100	691	691	691	1419	0.0
CJJ81176_RS02380	Cj0494	91.837	100	49	49	49	89.4	1.36e-27
CJJ81176_RS02385	Cj0495	96.996	100	233	233	233	459	1.47e-168
CJJ81176_RS02390	Cj0496	97.581	100	124	124	124	244	7.41e-87
CJJ81176_RS02395	Cj0497	98.118	100	425	425	425	826	0.0
CJJ81176_RS02400	Cj0498	99.225	100	258	258	258	507	0.0
CJJ81176_RS02405	Cj0499	96.273	100	161	161	161	333	5.91e-121
CJJ81176_RS02410	Cj0500	96.049	99	334	332	329	652	0.0
CJJ81176_RS08925	Cj0967	64.014	43	658	762	289	324	3.40e-102
CJJ81176_RS02430	Cj0971	83.810	19	553	130	105	173	2.94e-53
CJJ81176_RS02435	Cj0974	86.957	100	46	46	46	72.4	6.00e-21
CJJ81176_RS02440	Cj0975	92.096	100	576	574	582	1056	0.0
CJJ81176_RS02445	Cj0503c	97.973	96	309	303	296	592	0.0
CJJ81176_RS02450	Cj0504c	98.264	100	288	288	288	571	0.0
CJJ81176_RS02455	Cj0505c	97.759	100	357	357	357	714	0.0
CJJ81176_RS02460	Cj0506	98.694	100	842	842	842	1714	0.0
CJJ81176_RS02465	Cj0507	100.000	100	183	183	183	370	1.47e-134
CJJ81176_RS02470	Cj0508	99.689	100	643	643	643	1317	0.0
CJJ81176_RS02475	Cj0509c	99.533	100	857	857	857	1697	0.0
CJJ81176_RS02480	Cj0510c	98.958	100	96	96	96	191	6.73e-67
CJJ81176_RS02485	Cj0511	98.649	100	444	444	444	877	0.0
CJJ81176_RS02490	Cj0512	99.576	100	236	236	236	471	3.96e-173
CJJ81176_RS02495	Cj0513	98.765	100	81	81	81	153	4.20e-52
CJJ81176_RS02500	Cj0514	97.209	100	215	223	215	431	1.32e-157
CJJ81176_RS02505	Cj0515	98.995	100	398	398	398	792	0.0
CJJ81176_RS02510	Cj0516	100.000	100	230	230	230	465	6.93e-171
CJJ81176_RS02515	Cj0517	100.000	100	122	122	122	228	1.80e-80
CJJ81176_RS02520	Cj0518	99.671	100	608	608	608	1213	0.0
CJJ81176_RS02525	Cj0519	97.115	99	105	105	104	210	4.44e-74
CJJ81176_RS02530	Cj0520	95.833	100	144	144	144	240	1.39e-84
CJJ81176_RS02535	Cj1232	28.846	17	589	110	104	26.6	0.88
CJJ81176_RS02540	Cj0525c	99.668	100	602	602	602	1219	0.0
CJJ81176_RS02545	Cj0526c	98.980	100	98	98	98	194	1.01e-67
CJJ81176_RS02550	Cj0527c	98.780	100	164	164	164	331	5.78e-120
CJJ81176_RS02555	Cj0528c	99.301	100	143	143	143	290	2.31e-104
CJJ81176_RS02560	Cj0529c	99.099	100	333	333	333	674	0.0
CJJ81176_RS02565	Cj0530	98.364	100	856	856	856	1646	0.0
CJJ81176_RS02570	Cj0531	99.183	100	734	734	734	1491	0.0
CJJ81176_RS02575	Cj0532	99.000	100	300	300	300	598	0.0
CJJ81176_RS02580	Cj0533	98.450	100	387	387	387	766	0.0
CJJ81176_RS02585	Cj0534	99.654	100	289	289	289	572	0.0
CJJ81176_RS02590	Cj0535	99.029	100	103	103	103	212	1.25e-74
CJJ81176_RS02595	Cj0536	97.059	100	374	374	374	749	0.0
CJJ81176_RS02600	Cj0537	98.932	100	281	281	281	585	0.0
CJJ81176_RS02605	Cj0538	99.459	100	185	185	185	375	8.01e-137
CJJ81176_RS02610	Cj0539	100.000	100	87	87	87	171	8.11e-59
CJJ81176_RS02615	Cj0540	100.000	100	178	178	178	366	2.92e-133
CJJ81176_RS02620	Cj0541	100.000	100	297	297	297	588	0.0
CJJ81176_RS02625	Cj0542	99.537	100	432	432	432	873	0.0
CJJ81176_RS02630	Cj0543	98.946	100	569	569	569	1148	0.0
CJJ81176_RS02635	Cj0544	98.450	100	129	129	129	246	1.58e-87
CJJ81176_RS02640	Cj0545	99.674	100	307	307	307	611	0.0
CJJ81176_RS02645	Cj0546	98.833	100	600	600	600	1209	0.0
CJJ81176_RS02650	Cj0547	100.000	100	121	121	121	244	4.31e-87
CJJ81176_RS02655	Cj0548	94.548	100	642	642	642	1209	0.0
CJJ81176_RS02660	Cj0549	99.219	100	128	128	128	257	1.08e-91
CJJ81176_RS02665	Cj0550	100.000	100	91	91	91	176	9.64e-61
CJJ81176_RS02670	Cj0551	100.000	100	189	189	189	388	1.05e-141
CJJ81176_RS02675	Cj0552	100.000	100	230	230	230	461	3.80e-169
CJJ81176_RS02680	Cj0553	99.369	100	317	317	317	623	0.0
CJJ81176_RS02685	Cj0554	99.701	100	334	334	334	678	0.0
CJJ81176_RS02690	Cj0555	99.302	100	430	430	430	826	0.0
CJJ81176_RS02695	Cj0556	99.623	100	265	265	265	535	0.0
CJJ81176_RS02700	Cj0557c	98.892	100	361	361	361	713	0.0
CJJ81176_RS02705	Cj0558c	99.756	100	410	410	410	830	0.0
CJJ81176_RS02710	Cj0559	99.678	100	311	311	311	621	0.0
CJJ81176_RS02715	Cj0560	99.548	100	442	442	442	853	0.0
CJJ81176_RS02720	Cj0561c	99.353	100	309	309	309	612	0.0
CJJ81176_RS02725	Cj0562	99.782	100	458	458	458	937	0.0
CJJ81176_RS02730	Cj0563	97.500	100	200	200	200	401	1.73e-146
CJJ81176_RS02735	Cj0564	95.588	100	68	68	68	123	1.49e-40
CJJ81176_RS02740	Cj0008	37.838	16	225	583	37	28.1	0.24
CJJ81176_RS02745	Cj0804	28.788	22	288	352	66	27.3	0.52
CJJ81176_RS02750	Cj1260c	23.423	42	260	373	111	24.3	4.5
CJJ81176_RS02755	Cj0342c	41.667	16	154	941	24	24.3	1.9
CJJ81176_RS02760	Cj1492c	29.730	69	101	403	74	25.4	0.34
CJJ81176_RS02765	Cj0570	98.462	18	356	355	65	132	7.92e-37
CJJ81176_RS02770	Cj0571	82.609	8	290	290	23	38.1	1.72e-04
CJJ81176_RS02785	Cj0572	99.410	100	339	339	339	690	0.0
CJJ81176_RS02790	Cj0573	98.639	100	147	147	147	278	1.78e-99
CJJ81176_RS02795	Cj0574	98.940	100	566	566	566	1163	0.0
CJJ81176_RS02800	Cj0575	100.000	100	154	154	154	308	2.95e-111
CJJ81176_RS02805	Cj0576	99.688	100	321	321	321	653	0.0
CJJ81176_RS02810	Cj0577c	96.491	100	342	342	342	684	0.0
CJJ81176_RS02815	Cj0578c	99.592	100	245	245	245	482	5.61e-177
CJJ81176_RS02820	Cj0579c	97.037	100	135	138	135	251	3.16e-89
CJJ81176_RS02825	Cj0580c	98.310	100	355	355	355	708	0.0
CJJ81176_RS02830	Cj0581	98.718	100	156	156	156	318	3.59e-115
CJJ81176_RS02835	Cj0582	99.250	100	400	400	400	800	0.0
CJJ81176_RS02840	Cj0583	98.876	100	178	178	178	354	1.38e-128
CJJ81176_RS02845	Cj0584	99.497	100	199	199	199	385	4.43e-140
CJJ81176_RS02850	Cj0585	99.474	100	380	380	380	768	0.0
CJJ81176_RS02855	Cj0586	98.300	100	647	647	647	1291	0.0
CJJ81176_RS02860	Cj0587	96.407	100	334	334	334	615	0.0
CJJ81176_RS02865	Cj0588	95.652	100	253	253	253	478	3.15e-175
CJJ81176_RS02870	Cj0589	96.831	100	284	284	284	546	0.0
CJJ81176_RS02875	Cj0590	98.729	100	236	236	236	468	1.03e-171
CJJ81176_RS02880	Cj0591c	98.630	100	73	73	73	155	3.55e-53
CJJ81176_RS02885	Cj0592c	95.833	99	146	144	144	271	4.70e-97
CJJ81176_RS02890	Cj0593c	100.000	100	210	210	210	415	1.57e-151
CJJ81176_RS02895	Cj0594c	95.833	100	216	216	216	424	6.70e-155
CJJ81176_RS02900	Cj0595c	98.558	100	208	208	208	421	4.99e-154
CJJ81176_RS02905	Cj0596	98.901	100	273	273	273	540	0.0
CJJ81176_RS02910	Cj0597	99.718	100	354	354	354	724	0.0
CJJ81176_RS02915	Cj0598	99.167	100	480	480	480	965	0.0
CJJ81176_RS02920	Cj0599	99.369	100	317	317	317	616	0.0
CJJ81176_RS02925	Cj0600	99.313	100	291	291	291	588	0.0
CJJ81176_RS02930	Cj0601c	100.000	100	447	447	447	884	0.0
CJJ81176_RS02935	Cj0602c	96.396	100	222	222	222	441	2.24e-161
CJJ81176_RS02940	Cj0603c	99.118	100	567	567	567	1111	0.0
CJJ81176_RS02945	Cj0604	93.785	60	294	293	177	341	1.13e-119
CJJ81176_RS02950	Cj0605	98.232	100	396	396	396	808	0.0
CJJ81176_RS02955	Cj0606	98.462	100	390	390	390	765	0.0
CJJ81176_RS02960	Cj0607	98.908	100	641	641	641	1271	0.0
CJJ81176_RS02965	Cj0608	96.930	100	456	456	456	866	0.0
CJJ81176_RS02970	Cj0609c	99.490	100	392	392	392	781	0.0
CJJ81176_RS02975	Cj0610c	100.000	100	336	336	336	677	0.0
CJJ81176_RS02980	Cj0611c	100.000	100	458	458	458	907	0.0
CJJ81176_RS02985	Cj0612c	100.000	100	167	167	167	342	2.86e-124
CJJ81176_RS02990	Cj0613	100.000	100	331	331	331	668	0.0
CJJ81176_RS02995	Cj0614	100.000	100	304	304	304	598	0.0
CJJ81176_RS03000	Cj0615	98.619	100	362	362	362	721	0.0
CJJ81176_RS03005	Cj0616	99.593	100	246	246	246	501	0.0
CJJ81176_RS09085	Cj1342c	49.457	90	203	413	184	187	2.57e-59
CJJ81176_RS09090	Cj1342c	43.779	97	215	413	217	164	2.34e-50
CJJ81176_RS03015	Cj0619	99.543	100	438	438	438	873	0.0
CJJ81176_RS03020	Cj0620	97.674	100	215	215	215	426	4.98e-156
CJJ81176_RS03025	Cj0621	98.419	100	506	506	506	994	0.0
CJJ81176_RS03030	Cj0622	97.527	100	728	729	728	1440	0.0
CJJ81176_RS03035	Cj0623	97.976	100	247	247	247	497	0.0
CJJ81176_RS03040	Cj0624	100.000	100	93	93	93	186	9.33e-65
CJJ81176_RS03045	Cj0625	99.448	99	363	363	362	739	0.0
CJJ81176_RS03050	Cj0626	99.383	100	324	324	324	629	0.0
CJJ81176_RS03055	Cj0627	97.368	100	114	114	114	223	1.26e-78
CJJ81176_RS03060	Cj1465	29.487	23	338	144	78	30.8	0.025
CJJ81176_RS03065	Cj0630c	96.562	99	322	321	320	604	0.0
CJJ81176_RS03070	Cj0631c	97.981	100	644	644	644	1281	0.0
CJJ81176_RS03075	Cj0632	97.941	100	340	340	340	689	0.0
CJJ81176_RS03080	Cj0633	97.778	100	360	360	360	699	0.0
CJJ81176_RS03085	Cj0634	98.828	99	257	257	256	512	0.0
CJJ81176_RS03090	Cj0635	98.425	100	127	127	127	251	1.51e-89
CJJ81176_RS03095	Cj0636	99.642	100	279	279	279	558	0.0
CJJ81176_RS03100	Cj0637c	98.182	100	165	165	165	332	3.26e-120
CJJ81176_RS03105	Cj0638c	98.256	100	172	172	172	338	1.29e-122
CJJ81176_RS03110	Cj0639c	98.958	100	192	192	192	385	1.75e-140
CJJ81176_RS03115	Cj0640c	98.799	100	583	583	583	1188	0.0
CJJ81176_RS03120	Cj0641	97.902	100	286	286	286	574	0.0
CJJ81176_RS03125	Cj0642	98.422	100	507	507	507	963	0.0
CJJ81176_RS03130	Cj0643	99.517	100	414	414	414	824	0.0
CJJ81176_RS03135	Cj0644	99.631	100	271	271	271	549	0.0
CJJ81176_RS03140	Cj0645	99.731	100	372	372	372	761	0.0
CJJ81176_RS03145	Cj0646	100.000	100	275	275	275	560	0.0
CJJ81176_RS03150	Cj0647	99.383	100	162	162	162	321	6.74e-116
CJJ81176_RS03155	Cj0648	100.000	100	171	171	171	339	6.59e-123
CJJ81176_RS03160	Cj0649	100.000	100	153	153	153	309	1.48e-111
CJJ81176_RS03165	Cj0650	98.485	100	198	198	198	387	4.10e-141
CJJ81176_RS03170	Cj0651	98.780	100	164	164	164	318	7.52e-115
CJJ81176_RS03175	Cj0652	99.002	100	601	601	601	1225	0.0
CJJ81176_RS03180	Cj0653c	98.826	100	596	596	596	1204	0.0
CJJ81176_RS03195	Cj1375	22.530	47	509	431	253	29.3	0.23
CJJ81176_RS03200	Cj0659c	98.901	100	182	182	182	344	1.34e-124
CJJ81176_RS03205	Cj0660c	98.370	100	368	368	368	704	0.0
CJJ81176_RS03210	Cj0661c	98.625	100	291	291	291	580	0.0
CJJ81176_RS03215	Cj0662c	99.772	100	439	439	439	870	0.0
CJJ81176_RS03220	Cj0663c	98.889	100	180	180	180	360	4.07e-131
CJJ81176_RS03225	Cj0664c	97.279	100	147	147	147	281	1.28e-100
CJJ81176_RS03230	Cj0665c	99.754	100	406	406	406	835	0.0
CJJ81176_RS03235	Cj0667	97.531	100	81	81	81	160	6.96e-55
CJJ81176_RS03240	Cj0668	98.519	100	135	135	135	273	8.49e-98
CJJ81176_RS03245	Cj0669	100.000	100	242	242	242	482	3.24e-177
CJJ81176_RS03250	Cj0670	99.279	100	416	416	416	838	0.0
CJJ81176_RS03255	Cj0671	99.367	100	474	474	474	943	0.0
CJJ81176_RS08940	Cj0672	85.714	56	62	62	35	43.5	3.35e-09
CJJ81176_RS03265	Cj1687	24.194	10	563	423	62	28.9	0.37
CJJ81176_RS03270	Cj0677	98.091	100	681	681	681	1340	0.0
CJJ81176_RS03275	Cj0566	28.767	28	202	488	73	26.6	0.53
CJJ81176_RS03280	Cj0806	27.941	10	642	298	68	32.0	0.038
CJJ81176_RS03285	Cj0680c	99.543	100	657	657	657	1338	0.0
CJJ81176_RS03290	Cj0681	100.000	100	76	76	76	148	3.90e-50
CJJ81176_RS03295	Cj0682	100.000	100	80	80	80	157	9.45e-54
CJJ81176_RS03300	Cj0683	99.310	100	145	145	145	290	1.87e-104
CJJ81176_RS03305	Cj0684	98.379	100	617	617	617	1243	0.0
CJJ81176_RS03310	Cj0685c	99.302	93	464	450	430	870	0.0
CJJ81176_RS03315	Cj0686	99.720	100	357	357	357	724	0.0
CJJ81176_RS03320	Cj0687c	99.569	100	232	232	232	470	1.28e-172
CJJ81176_RS03325	Cj0688	97.405	100	501	501	501	1005	0.0
CJJ81176_RS03330	Cj0689	97.475	100	396	396	396	796	0.0
CJJ81176_RS03335	Cj0690c	96.880	100	1250	1250	1250	2414	0.0
CJJ81176_RS03340	Cj0691	100.000	100	163	163	163	329	3.17e-119
CJJ81176_RS03345	Cj0692c	100.000	100	312	312	312	607	0.0
CJJ81176_RS03350	Cj0693c	98.718	100	312	312	312	626	0.0
CJJ81176_RS03355	Cj0694	98.589	100	496	496	496	982	0.0
CJJ81176_RS03360	Cj0695	99.567	100	462	462	462	942	0.0
CJJ81176_RS03365	Cj0696	100.000	100	370	370	370	737	0.0
CJJ81176_RS03370	Cj0697	98.519	100	270	270	270	540	0.0
CJJ81176_RS03375	Cj0698	100.000	100	263	263	263	532	0.0
CJJ81176_RS03380	Cj0699c	99.580	100	476	476	476	998	0.0
CJJ81176_RS03385	Cj0700	99.567	100	231	231	231	464	1.35e-170
CJJ81176_RS03390	Cj0701	98.801	100	417	417	417	849	0.0
CJJ81176_RS03395	Cj0702	98.780	100	164	164	164	324	2.79e-117
CJJ81176_RS03400	Cj0703	100.000	100	178	178	178	362	1.52e-131
CJJ81176_RS03405	Cj0704	100.000	100	287	287	287	600	0.0
CJJ81176_RS03410	Cj0705	97.510	100	241	241	241	477	3.95e-175
CJJ81176_RS03415	Cj0706	97.059	100	238	238	238	456	6.32e-167
CJJ81176_RS03420	Cj0707	96.104	100	385	385	385	741	0.0
CJJ81176_RS03425	Cj0708	95.200	100	250	250	250	481	1.24e-176
CJJ81176_RS03430	Cj0709	98.876	100	445	445	445	877	0.0
CJJ81176_RS03435	Cj0710	100.000	100	75	75	75	151	1.32e-51
CJJ81176_RS03440	Cj0711	100.000	100	80	80	80	162	7.95e-56
CJJ81176_RS03445	Cj0712	98.324	100	179	179	179	353	4.47e-128
CJJ81176_RS03450	Cj0713	100.000	100	234	234	234	475	1.47e-174
CJJ81176_RS03455	Cj0714	99.153	100	118	118	118	232	3.03e-82
CJJ81176_RS03460	Cj0715	100.000	100	137	137	137	281	3.73e-101
CJJ81176_RS03465	Cj0716	98.655	100	446	446	446	917	0.0
CJJ81176_RS03470	Cj0717	100.000	100	109	109	109	216	3.90e-76
CJJ81176_RS08945	Cj0396c	31.111	66	68	332	45	23.5	0.56
CJJ81176_RS03475	Cj0718	99.583	100	1200	1200	1200	2454	0.0
CJJ81176_RS03480	Cj0719c	99.524	100	210	210	210	422	1.59e-154
CJJ81176_RS03485	Cj0720c	98.795	100	249	249	249	477	5.45e-175
CJJ81176_RS03490	Cj0721c	99.359	100	156	156	156	295	6.69e-106
CJJ81176_RS03495	Cj0722c	97.786	100	271	271	271	532	0.0
CJJ81176_RS03500	Cj0723c	99.241	100	395	395	395	782	0.0
CJJ81176_RS03505	Cj0724	100.000	100	61	61	61	118	9.78e-39
CJJ81176_RS03510	Cj0725c	100.000	100	180	180	180	364	2.30e-132
CJJ81176_RS03515	Cj0726c	99.083	100	327	327	327	653	0.0
CJJ81176_RS03520	Cj0727	98.563	100	348	348	348	691	0.0
CJJ81176_RS03525	Cj0728	98.866	100	441	441	441	877	0.0
CJJ81176_RS03530	Cj0729	98.885	100	269	269	269	547	0.0
CJJ81176_RS03535	Cj0730	98.925	100	279	279	279	528	0.0
CJJ81176_RS03540	Cj0731	98.842	100	259	259	259	504	0.0
CJJ81176_RS03545	Cj0732	99.088	100	329	329	329	652	0.0
CJJ81176_RS03550	Cj0733	99.528	100	212	212	212	418	8.37e-153
CJJ81176_RS03555	Cj0734c	99.203	100	251	251	251	497	0.0
CJJ81176_RS03560	Cj0735	98.020	84	240	239	202	399	1.58e-144
CJJ81176_RS03565	Cj0736	98.287	100	642	642	642	1242	0.0
CJJ81176_RS03570	Cj0534	31.579	40	144	289	57	23.5	2.4
CJJ81176_RS03575	Cj1480c	32.955	15	481	141	88	28.9	0.15
CJJ81176_RS03580	Cj1467	29.091	18	309	254	55	29.6	0.079
CJJ81176_RS03585	Cj0975	48.000	97	508	574	500	460	4.30e-159
CJJ81176_RS03615	Cj1631c	33.333	9	393	289	36	28.9	0.20
CJJ81176_RS03620	Cj0757	93.156	100	263	264	263	499	0.0
CJJ81176_RS03625	Cj0758	97.159	100	176	176	176	343	2.26e-124
CJJ81176_RS03630	Cj0759	99.679	100	623	623	623	1239	0.0
CJJ81176_RS03635	Cj1553c	26.646	49	636	500	319	129	2.98e-33
CJJ81176_RS03640	Cj1551c	26.842	82	422	380	190	48.1	2.23e-07
CJJ81176_RS03640	Cj1551c	25.602	82	422	380	332	39.7	1.14e-04
CJJ81176_RS03645	Cj0900c	36.364	19	221	59	44	26.9	0.098
CJJ81176_RS03650	Cj0903c	52.000	8	329	488	25	29.3	0.14
CJJ81176_RS03655	Cj1549c	24.772	72	971	1031	767	138	1.42e-34
CJJ81176_RS03660	Cj0760	95.522	98	343	340	335	660	0.0
CJJ81176_RS03665	Cj0761	96.460	100	113	113	113	217	1.83e-76
CJJ81176_RS03670	Cj0762c	98.715	100	389	389	389	788	0.0
CJJ81176_RS03675	Cj0763c	98.585	100	212	212	212	427	2.78e-156
CJJ81176_RS03680	Cj0764c	99.345	100	611	611	611	1227	0.0
CJJ81176_RS03685	Cj0765c	90.931	100	408	408	408	736	0.0
CJJ81176_RS03690	Cj0766c	98.958	100	192	192	192	378	1.24e-137
CJJ81176_RS03695	Cj0767c	100.000	100	158	158	158	325	8.11e-118
CJJ81176_RS03700	Cj0768c	97.861	100	187	187	187	372	1.50e-135
CJJ81176_RS03705	Cj0769c	99.545	100	220	220	220	433	1.66e-158
CJJ81176_RS03710	Cj0770c	98.837	100	258	258	258	505	0.0
CJJ81176_RS03715	Cj0771c	99.609	100	256	256	256	501	0.0
CJJ81176_RS03720	Cj0772c	98.833	100	257	257	257	502	0.0
CJJ81176_RS03725	Cj0773c	98.350	100	303	303	303	577	0.0
CJJ81176_RS03730	Cj0774c	99.405	100	336	336	336	677	0.0
CJJ81176_RS03735	Cj0775c	98.966	100	870	870	870	1777	0.0
CJJ81176_RS03740	Cj0776c	97.059	100	339	340	340	652	0.0
CJJ81176_RS03745	Cj0777	99.556	100	676	676	676	1368	0.0
CJJ81176_RS03750	Cj0778	98.780	100	246	245	246	476	9.08e-175
CJJ81176_RS03755	Cj0779	99.429	100	175	175	175	348	3.65e-126
CJJ81176_RS03760	Cj0780	99.567	100	923	924	924	1917	0.0
CJJ81176_RS03765	Cj0781	98.780	100	246	246	246	497	0.0
CJJ81176_RS03770	Cj0782	99.231	100	260	260	260	518	0.0
CJJ81176_RS03775	Cj0783	99.425	100	174	174	174	361	1.70e-131
CJJ81176_RS03780	Cj0784	98.684	100	304	304	304	595	0.0
CJJ81176_RS03785	Cj0785	100.000	100	112	112	112	218	1.27e-76
CJJ81176_RS03790	Cj0786	100.000	100	57	57	57	108	5.28e-35
CJJ81176_RS03795	Cj0787	98.780	100	82	82	82	167	1.94e-57
CJJ81176_RS03800	Cj0788	99.387	100	163	163	163	310	9.11e-112
CJJ81176_RS03805	Cj0789	98.387	100	372	372	372	729	0.0
CJJ81176_RS03810	Cj0790	99.270	100	274	274	274	555	0.0
CJJ81176_RS03815	Cj0791c	99.528	100	424	424	424	855	0.0
CJJ81176_RS03820	Cj0792	99.658	100	292	292	292	562	0.0
CJJ81176_RS03825	Cj0793	99.705	100	339	339	339	674	0.0
CJJ81176_RS03830	Cj0794	95.620	96	424	426	411	801	0.0
CJJ81176_RS03835	Cj0795c	98.105	100	475	475	475	936	0.0
CJJ81176_RS03840	Cj0796c	95.816	100	239	239	239	468	1.45e-171
CJJ81176_RS03845	Cj0797c	100.000	100	71	71	71	141	1.04e-47
CJJ81176_RS03850	Cj0798c	98.266	100	346	346	346	676	0.0
CJJ81176_RS03855	Cj0799c	99.454	100	183	183	183	361	2.65e-131
CJJ81176_RS03860	Cj0800c	98.223	100	619	619	619	1209	0.0
CJJ81176_RS03865	Cj0801	99.793	100	483	483	483	929	0.0
CJJ81176_RS03870	Cj0802	98.918	100	462	462	462	931	0.0
CJJ81176_RS03875	Cj0803	98.966	100	580	580	580	1164	0.0
CJJ81176_RS03880	Cj0804	98.295	100	352	352	352	694	0.0
CJJ81176_RS03885	Cj0805	99.279	100	416	416	416	841	0.0
CJJ81176_RS03890	Cj0806	99.664	100	298	298	298	608	0.0
CJJ81176_RS03895	Cj0807	99.614	100	259	259	259	527	0.0
CJJ81176_RS03900	Cj0808c	99.010	100	101	101	101	196	1.48e-68
CJJ81176_RS03905	Cj0809c	99.495	100	198	198	198	411	1.54e-150
CJJ81176_RS03910	Cj0810	99.593	100	246	246	246	497	0.0
CJJ81176_RS03915	Cj0811	98.052	100	308	308	308	609	0.0
CJJ81176_RS03920	Cj0812	100.000	100	470	470	470	952	0.0
CJJ81176_RS03925	Cj0813	99.582	100	239	239	239	480	2.21e-176
CJJ81176_RS03930	Cj0794	67.898	96	444	426	433	507	0.0
CJJ81176_RS03935	Cj0817	91.016	100	256	256	256	470	5.11e-172
CJJ81176_RS03940	Cj0820c	99.590	100	244	244	244	475	3.22e-174
CJJ81176_RS03945	Cj0821	99.068	100	429	429	429	868	0.0
CJJ81176_RS03950	Cj0822	98.698	100	384	384	384	763	0.0
CJJ81176_RS03955	Cj0823	99.024	100	205	205	205	409	1.17e-149
CJJ81176_RS03960	Cj0824	100.000	100	222	222	222	450	3.53e-165
CJJ81176_RS03965	Cj0825	97.287	100	258	258	258	477	1.78e-174
CJJ81176_RS03970	Cj0826	99.707	100	341	341	341	682	0.0
CJJ81176_RS03975	Cj0827	97.095	100	241	241	241	478	9.92e-176
CJJ81176_RS03980	Cj0828c	98.511	100	403	403	403	804	0.0
CJJ81176_RS03985	Cj0829c	96.350	100	137	137	137	263	8.73e-94
CJJ81176_RS03990	Cj0830	99.275	100	138	138	138	261	7.16e-93
CJJ81176_RS03995	Cj0831c	97.759	100	357	357	357	707	0.0
CJJ81176_RS04000	Cj0832c	98.267	100	577	577	577	1132	0.0
CJJ81176_RS04005	Cj0833c	97.992	100	249	249	249	503	0.0
CJJ81176_RS04010	Cj0834c	97.330	100	408	412	412	800	0.0
CJJ81176_RS04015	Cj0835c	98.821	100	848	848	848	1728	0.0
CJJ81176_RS04020	Cj0836	96.667	100	150	150	150	302	7.41e-109
CJJ81176_RS04025	Cj0837c	97.764	100	313	313	313	600	0.0
CJJ81176_RS04030	Cj0838c	97.293	100	628	628	628	1266	0.0
CJJ81176_RS04035	Cj0839c	95.385	100	65	65	65	130	2.23e-43
CJJ81176_RS04040	Cj0840c	98.571	100	280	280	280	566	0.0
CJJ81176_RS04045	Cj0841c	96.933	100	163	163	163	327	2.29e-118
CJJ81176_RS04050	Cj0842	100.000	100	161	161	161	324	2.59e-117
CJJ81176_RS04055	Cj0843c	99.630	100	541	541	541	1090	0.0
CJJ81176_RS04060	Cj0844c	100.000	100	93	93	93	176	1.07e-60
CJJ81176_RS04065	Cj0845c	98.376	100	431	431	431	870	0.0
CJJ81176_RS04070	Cj0846	96.524	100	374	374	374	724	0.0
CJJ81176_RS04075	Cj0847	96.992	100	266	266	266	532	0.0
CJJ81176_RS04080	Cj0848c	100.000	100	93	93	93	184	4.90e-64
CJJ81176_RS04085	Cj0849c	94.927	100	749	719	749	1363	0.0
CJJ81176_RS04090	Cj0850c	98.228	100	395	395	395	759	0.0
CJJ81176_RS04095	Cj0851c	97.605	100	167	167	167	313	1.52e-112
CJJ81176_RS04100	Cj0852c	100.000	100	109	109	109	218	5.65e-77
CJJ81176_RS04105	Cj0853c	99.528	100	424	424	424	865	0.0
CJJ81176_RS04110	Cj0854c	100.000	100	115	115	115	235	1.94e-83
CJJ81176_RS04115	Cj0855	99.645	100	282	282	282	563	0.0
CJJ81176_RS04120	Cj0856	100.000	100	282	282	282	578	0.0
CJJ81176_RS04125	Cj0857c	99.741	100	386	386	386	767	0.0
CJJ81176_RS04130	Cj0858c	100.000	100	418	418	418	843	0.0
CJJ81176_RS04135	Cj0859c	100.000	100	142	142	142	260	1.03e-92
CJJ81176_RS04140	Cj0860	99.655	100	290	290	290	561	0.0
CJJ81176_RS04145	Cj0861c	97.872	100	188	188	188	365	1.17e-132
CJJ81176_RS04150	Cj0862c	98.990	100	594	594	594	1183	0.0
CJJ81176_RS04155	Cj0863c	99.153	100	354	354	354	705	0.0
CJJ81176_RS04160	Cj0872	50.000	94	220	213	210	202	2.24e-67
CJJ81176_RS04165	Cj0865	94.424	100	269	266	269	502	0.0
CJJ81176_RS04170	Cj1672c	35.897	12	620	414	78	33.1	0.020
CJJ81176_RS04175	Cj0872	98.122	100	213	213	213	425	1.66e-155
CJJ81176_RS09160	Cj0037c	35.965	66	328	347	228	129	5.38e-36
CJJ81176_RS09100	Cj0878	93.023	93	46	48	43	84.7	7.61e-26
CJJ81176_RS04200	Cj0879c	99.048	100	210	210	210	413	5.91e-151
CJJ81176_RS04205	Cj0880c	98.750	100	80	80	80	152	1.35e-51
CJJ81176_RS04210	Cj0881c	98.563	100	348	348	348	688	0.0
CJJ81176_RS04215	Cj0882c	99.862	100	724	724	724	1445	0.0
CJJ81176_RS04220	Cj0883c	100.000	100	136	136	136	272	1.47e-97
CJJ81176_RS04225	Cj0884	100.000	100	90	90	90	177	2.56e-61
CJJ81176_RS04230	Cj0886c	97.040	100	946	946	946	1845	0.0
CJJ81176_RS04235	Cj0887c	99.200	100	750	750	750	1511	0.0
CJJ81176_RS04250	Cj0888c	97.978	100	643	643	643	1259	0.0
CJJ81176_RS04255	Cj0889c	97.436	100	429	429	429	810	0.0
CJJ81176_RS04260	Cj0890c	98.636	100	220	220	220	432	2.54e-158
CJJ81176_RS04265	Cj0891c	99.431	100	527	527	527	1065	0.0
CJJ81176_RS04270	Cj0892c	99.383	100	162	162	162	324	4.10e-117
CJJ81176_RS04275	Cj0893c	98.921	100	556	556	556	1082	0.0
CJJ81176_RS04280	Cj0894c	99.278	100	277	277	277	560	0.0
CJJ81176_RS04285	Cj0895c	99.766	100	428	428	428	860	0.0
CJJ81176_RS04290	Cj0896c	98.706	100	773	773	773	1515	0.0
CJJ81176_RS04295	Cj0897c	100.000	100	330	330	330	682	0.0
CJJ81176_RS04300	Cj0898	99.174	100	121	121	121	244	4.27e-87
CJJ81176_RS04305	Cj0899c	98.942	100	189	189	189	368	8.59e-134
CJJ81176_RS04310	Cj0900c	98.305	100	59	59	59	111	4.38e-36
CJJ81176_RS04315	Cj0901	99.595	100	247	247	247	488	2.20e-179
CJJ81176_RS04320	Cj0902	98.760	100	242	242	242	481	9.18e-177
CJJ81176_RS04325	Cj0903c	99.180	100	488	488	488	976	0.0
CJJ81176_RS04330	Cj0904c	97.419	100	155	155	155	315	4.39e-114
CJJ81176_RS04335	Cj0905c	97.256	100	328	328	328	658	0.0
CJJ81176_RS04340	Cj0906c	98.769	100	325	325	325	654	0.0
CJJ81176_RS04345	Cj0908	97.436	100	156	156	156	306	1.60e-110
CJJ81176_RS04350	Cj0909	98.561	100	139	139	139	271	3.18e-97
CJJ81176_RS04355	Cj0910	96.000	100	150	150	150	292	6.00e-105
CJJ81176_RS04360	Cj0911	98.925	100	186	186	186	373	9.88e-136
CJJ81176_RS04365	Cj0912c	100.000	9	299	299	28	64.3	3.17e-13
CJJ81176_RS04370	Cj0913c	100.000	100	98	98	98	187	4.28e-65
CJJ81176_RS04375	Cj0914c	99.344	100	610	610	610	1222	0.0
CJJ81176_RS04380	Cj0915	99.270	100	137	137	137	278	7.88e-100
CJJ81176_RS04385	Cj0916c	100.000	100	65	65	65	133	1.08e-44
CJJ81176_RS04390	Cj0917c	99.004	100	703	703	703	1402	0.0
CJJ81176_RS04395	Cj0918c	99.676	100	309	309	309	622	0.0
CJJ81176_RS04400	Cj0919c	100.000	100	219	219	219	438	1.60e-160
CJJ81176_RS04405	Cj0920c	100.000	100	250	250	250	507	0.0
CJJ81176_RS04410	Cj0921c	99.614	100	259	259	259	511	0.0
CJJ81176_RS04415	Cj0922c	99.587	100	242	242	242	497	0.0
CJJ81176_RS04420	Cj0923c	99.618	100	262	262	262	524	0.0
CJJ81176_RS04425	Cj0924c	99.457	100	184	184	184	375	9.98e-137
CJJ81176_RS04430	Cj0925	98.621	100	145	145	145	290	1.75e-104
CJJ81176_RS04435	Cj0926	100.000	100	110	110	110	214	2.33e-75
CJJ81176_RS04440	Cj0927	98.901	100	182	182	182	366	2.47e-133
CJJ81176_RS04445	Cj0928	99.495	100	198	198	198	391	1.59e-142
CJJ81176_RS04450	Cj0929	97.723	100	483	483	483	957	0.0
CJJ81176_RS04455	Cj0930	99.455	100	367	367	367	736	0.0
CJJ81176_RS04460	Cj0931c	97.826	100	460	460	460	924	0.0
CJJ81176_RS04465	Cj0932c	98.282	100	524	524	524	1075	0.0
CJJ81176_RS04470	Cj0933c	97.663	100	599	599	599	1206	0.0
CJJ81176_RS04475	Cj0934c	99.103	100	446	446	446	860	0.0
CJJ81176_RS04480	Cj0935c	98.649	100	444	444	444	847	0.0
CJJ81176_RS04485	Cj0936	99.107	100	112	112	112	211	4.29e-74
CJJ81176_RS04500	Cj0296c	39.286	37	75	126	28	25.8	0.078
CJJ81176_RS04505	Cj1228c	38.710	55	119	472	31	26.2	0.23
CJJ81176_RS04505	Cj1228c	27.941	55	119	472	68	23.5	1.9
CJJ81176_RS04510	Cj1431c	21.429	33	303	582	112	26.6	0.89
CJJ81176_RS04515	Cj1375	34.375	18	174	431	32	23.5	3.8
CJJ81176_RS04520	Cj1514c	29.167	19	371	237	72	26.6	0.96
CJJ81176_RS04525	Cj0386	29.091	35	150	460	55	26.2	0.42
CJJ81176_RS04530	Cj0937	98.680	100	303	303	303	575	0.0
CJJ81176_RS04535	Cj0938c	97.778	100	1170	1170	1170	2307	0.0
CJJ81176_RS04540	Cj0939c	100.000	100	126	126	126	243	4.13e-86
CJJ81176_RS04580	Cj0940c	98.467	100	261	261	261	503	0.0
CJJ81176_RS04585	Cj0941c	98.254	100	401	401	401	790	0.0
CJJ81176_RS04590	Cj0942c	98.840	100	862	862	862	1747	0.0
CJJ81176_RS04595	Cj0943	99.408	100	169	169	169	330	1.56e-119
CJJ81176_RS04600	Cj0944c	97.541	100	244	244	244	464	3.85e-170
CJJ81176_RS04605	Cj0945c	99.553	100	447	447	447	897	0.0
CJJ81176_RS04610	Cj0946	98.214	100	448	448	448	890	0.0
CJJ81176_RS04615	Cj0947c	100.000	100	290	290	290	600	0.0
CJJ81176_RS04620	Cj0948c	100.000	100	295	295	295	595	0.0
CJJ81176_RS04625	Cj0949c	100.000	100	325	325	325	666	0.0
CJJ81176_RS04630	Cj0950c	100.000	100	144	144	144	295	3.60e-106
CJJ81176_RS04635	Cj0019c	29.528	48	530	592	254	113	6.59e-28
CJJ81176_RS04640	Cj0953c	100.000	100	510	510	510	1033	0.0
CJJ81176_RS04645	Cj0954c	100.000	100	256	256	256	509	0.0
CJJ81176_RS04650	Cj0955c	99.863	100	728	728	728	1488	0.0
CJJ81176_RS04655	Cj0956c	99.774	100	442	442	442	882	0.0
CJJ81176_RS04660	Cj0957c	100.000	100	272	272	272	551	0.0
CJJ81176_RS04665	Cj0958c	99.053	100	528	528	528	1080	0.0
CJJ81176_RS04670	Cj0959c	99.115	100	113	113	113	220	1.05e-77
CJJ81176_RS04675	Cj0960c	99.074	100	108	108	108	214	2.70e-75
CJJ81176_RS04680	Cj0961c	100.000	100	44	44	44	87.0	7.93e-27
CJJ81176_RS04685	Cj0962	100.000	100	159	159	159	318	3.32e-115
CJJ81176_RS09165	Cj0963	99.010	100	202	202	202	401	1.58e-146
CJJ81176_RS04695	Cj0964	99.495	100	396	396	396	792	0.0
CJJ81176_RS04700	Cj0965c	99.194	100	124	124	124	249	1.20e-88
CJJ81176_RS08960	Cj0967	64.014	43	658	762	289	324	3.40e-102
CJJ81176_RS04720	Cj0971	83.810	19	553	130	105	173	2.94e-53
CJJ81176_RS08965	Cj0974	86.957	100	46	46	46	72.4	6.00e-21
CJJ81176_RS04725	Cj0975	92.096	100	576	574	582	1056	0.0
CJJ81176_RS04730	Cj0976	98.311	100	296	296	296	596	0.0
CJJ81176_RS04735	Cj0977	98.958	100	192	192	192	390	1.92e-142
CJJ81176_RS04740	Cj0978c	96.491	100	57	57	57	120	1.40e-39
CJJ81176_RS04745	Cj0979c	99.429	100	175	175	175	353	4.06e-128
CJJ81176_RS04750	Cj0980	97.630	100	422	422	422	844	0.0
CJJ81176_RS04755	Cj0981c	99.036	100	415	415	415	812	0.0
CJJ81176_RS04760	Cj0982c	98.566	100	279	279	279	556	0.0
CJJ81176_RS04765	Cj0983	97.849	100	372	372	372	713	0.0
CJJ81176_RS04770	Cj0984	98.374	100	246	246	246	480	4.51e-176
CJJ81176_RS04775	Cj0985c	98.433	100	383	383	383	778	0.0
CJJ81176_RS08970	Cj1533c	31.707	30	269	345	82	27.7	0.30
CJJ81176_RS08975	Cj1040c	31.532	75	138	387	111	28.5	0.062
CJJ81176_RS04795	Cj0989	100.000	100	68	68	68	128	1.06e-42
CJJ81176_RS04800	Cj0990c	99.209	100	253	253	253	496	0.0
CJJ81176_RS04805	Cj0991c	99.050	100	421	421	421	859	0.0
CJJ81176_RS04810	Cj0992c	98.004	100	451	451	451	912	0.0
CJJ81176_RS04815	Cj0993c	99.387	100	163	163	163	328	1.28e-118
CJJ81176_RS04820	Cj0994c	98.039	100	306	306	306	618	0.0
CJJ81176_RS04825	Cj0995c	98.165	100	327	327	327	661	0.0
CJJ81176_RS04830	Cj0996	98.925	100	186	186	186	379	4.32e-138
CJJ81176_RS04835	Cj0997	99.468	100	188	188	188	375	8.93e-137
CJJ81176_RS04840	Cj0998c	98.421	100	190	190	190	373	1.05e-135
CJJ81176_RS04845	Cj0999c	99.452	100	365	365	365	711	0.0
CJJ81176_RS04850	Cj1000	99.659	100	293	293	293	574	0.0
CJJ81176_RS04855	Cj1001	99.839	100	622	622	622	1233	0.0
CJJ81176_RS04860	Cj1002c	97.647	100	170	170	170	330	2.95e-119
CJJ81176_RS04865	Cj1003c	97.674	100	172	172	172	325	2.27e-117
CJJ81176_RS04870	Cj1004	94.928	100	138	138	138	260	8.17e-93
CJJ81176_RS04875	Cj1005c	98.327	100	538	538	538	1064	0.0
CJJ81176_RS04880	Cj1006c	99.038	100	416	416	416	845	0.0
CJJ81176_RS04885	Cj1007c	99.618	100	523	523	523	1050	0.0
CJJ81176_RS04890	Cj1008c	98.006	100	351	351	351	690	0.0
CJJ81176_RS04895	Cj1009c	99.571	100	466	466	466	950	0.0
CJJ81176_RS04900	Cj1010	98.660	100	373	373	373	768	0.0
CJJ81176_RS04905	Cj1011	98.039	100	255	255	255	489	1.28e-179
CJJ81176_RS04915	Cj1012c	97.315	100	149	149	149	282	5.67e-101
CJJ81176_RS04920	Cj1013c	99.352	100	1081	1081	1081	2199	0.0
CJJ81176_RS04925	Cj1014c	99.567	100	231	231	231	460	9.77e-169
CJJ81176_RS04930	Cj1015c	98.828	100	256	256	256	512	0.0
CJJ81176_RS04935	Cj1016c	98.857	100	350	350	350	677	0.0
CJJ81176_RS04940	Cj1017c	99.664	100	298	298	298	582	0.0
CJJ81176_RS04945	Cj1018c	99.729	100	369	369	369	743	0.0
CJJ81176_RS04950	Cj1019c	98.922	100	371	371	371	739	0.0
CJJ81176_RS04955	Cj1020c	99.306	100	144	144	144	296	9.14e-107
CJJ81176_RS04960	Cj1021c	100.000	100	63	63	63	128	7.03e-43
CJJ81176_RS04965	Cj1022c	100.000	100	168	168	168	330	3.19e-119
CJJ81176_RS04970	Cj1023c	98.834	100	343	343	343	698	0.0
CJJ81176_RS04975	Cj1024c	99.076	100	433	433	433	863	0.0
CJJ81176_RS04980	Cj1025c	98.658	100	149	149	149	301	1.19e-108
CJJ81176_RS04985	Cj1026c	100.000	100	171	171	171	347	4.09e-126
CJJ81176_RS04990	Cj1027c	99.768	100	862	863	862	1741	0.0
CJJ81176_RS04995	Cj1028c	98.953	100	191	191	191	383	1.06e-139
CJJ81176_RS05000	Cj1029c	99.533	100	214	214	214	432	3.42e-158
CJJ81176_RS05005	Cj1030c	100.000	100	598	598	598	1212	0.0
CJJ81176_RS05010	Cj1031	98.821	100	424	424	424	817	0.0
CJJ81176_RS05015	Cj1032	99.187	100	246	246	246	485	2.66e-178
CJJ81176_RS05020	Cj1033	99.602	100	1005	1005	1005	1972	0.0
CJJ81176_RS05025	Cj1034c	100.000	100	268	268	268	543	0.0
CJJ81176_RS05030	Cj1035c	99.582	100	239	239	239	481	7.44e-177
CJJ81176_RS05035	Cj1036c	98.795	100	83	83	83	155	5.10e-53
CJJ81176_RS05040	Cj1037c	100.000	100	481	481	481	986	0.0
CJJ81176_RS05045	Cj1038	99.225	100	387	387	387	760	0.0
CJJ81176_RS05050	Cj1039	100.000	100	342	342	342	697	0.0
CJJ81176_RS09170	Cj1040c	100.000	39	385	387	121	238	1.00e-76
CJJ81176_RS09170	Cj1040c	74.194	39	385	387	31	42.4	1.12e-05
CJJ81176_RS05060	Cj1041c	98.940	100	283	283	283	548	0.0
CJJ81176_RS05065	Cj1042c	100.000	100	296	296	296	594	0.0
CJJ81176_RS05070	Cj1043c	99.005	100	201	201	201	406	1.74e-148
CJJ81176_RS05075	Cj1044c	99.213	100	381	381	381	780	0.0
CJJ81176_RS05080	Cj1045c	98.450	100	258	258	258	509	0.0
CJJ81176_RS05085	Cj1046c	98.502	100	267	267	267	541	0.0
CJJ81176_RS05090	Cj1047c	96.825	100	63	63	63	115	1.62e-37
CJJ81176_RS05095	Cj1048c	99.452	100	365	365	365	742	0.0
CJJ81176_RS05100	Cj1049c	97.990	100	199	199	199	377	8.32e-137
CJJ81176_RS05105	Cj1050c	96.996	100	233	233	233	473	5.92e-174
CJJ81176_RS05110	Cj1052c	97.826	100	736	736	736	1442	0.0
CJJ81176_RS05115	Cj1053c	100.000	100	116	116	116	229	3.85e-81
CJJ81176_RS05120	Cj1054c	99.769	100	432	432	432	868	0.0
CJJ81176_RS05125	Cj1055c	99.848	100	657	657	657	1317	0.0
CJJ81176_RS05130	Cj1056c	100.000	100	258	258	258	525	0.0
CJJ81176_RS05135	Cj1057c	100.000	100	57	57	57	106	2.43e-34
CJJ81176_RS05140	Cj1058c	100.000	100	485	485	485	981	0.0
CJJ81176_RS05145	Cj1059c	100.000	100	453	453	453	919	0.0
CJJ81176_RS05150	Cj1060c	100.000	100	36	36	36	69.3	4.60e-20
CJJ81176_RS05155	Cj1061c	99.891	100	917	917	917	1889	0.0
CJJ81176_RS05160	Cj1062	100.000	100	362	362	362	729	0.0
CJJ81176_RS05165	Cj1063	100.000	100	141	141	141	290	2.27e-104
CJJ81176_RS05170	Cj1066	34.673	96	206	201	199	122	2.67e-36
CJJ81176_RS05175	Cj1066	100.000	100	201	201	201	408	4.46e-149
CJJ81176_RS05180	Cj1067	100.000	100	178	178	178	355	9.01e-129
CJJ81176_RS05185	Cj1068	96.739	100	368	368	368	703	0.0
CJJ81176_RS05190	Cj1069	96.181	100	288	288	288	567	0.0
CJJ81176_RS05195	Cj1070	98.400	100	125	125	125	242	5.70e-86
CJJ81176_RS05200	Cj1071	98.361	100	182	183	183	371	4.66e-135
CJJ81176_RS05205	Cj1072	100.000	100	86	86	86	177	2.76e-61
CJJ81176_RS05210	Cj1073c	99.747	100	791	791	791	1580	0.0
CJJ81176_RS05215	Cj1074c	100.000	100	215	215	215	442	1.98e-162
CJJ81176_RS05220	Cj1075	100.000	100	129	129	129	259	1.16e-92
CJJ81176_RS05225	Cj1076	99.177	100	243	243	243	485	2.28e-178
CJJ81176_RS05230	Cj1077	99.000	100	100	100	100	190	2.76e-66
CJJ81176_RS05235	Cj1078	99.091	100	220	220	220	425	2.98e-155
CJJ81176_RS05240	Cj1079	98.667	100	150	150	150	295	2.54e-106
CJJ81176_RS05245	Cj1080c	96.172	100	209	209	209	398	4.06e-145
CJJ81176_RS05250	Cj1081c	94.762	100	210	210	210	367	8.00e-133
CJJ81176_RS05255	Cj1082c	98.519	100	270	270	270	546	0.0
CJJ81176_RS05260	Cj1083c	96.930	100	228	228	228	440	4.78e-161
CJJ81176_RS05265	Cj1084c	98.024	100	253	253	253	506	0.0
CJJ81176_RS05270	Cj1085c	98.773	100	978	978	978	1950	0.0
CJJ81176_RS05275	Cj1086c	99.237	100	131	131	131	251	2.08e-89
CJJ81176_RS05280	Cj1087c	98.667	100	300	300	300	608	0.0
CJJ81176_RS05285	Cj1088c	98.731	100	394	394	394	791	0.0
CJJ81176_RS05290	Cj1089c	99.785	100	465	465	465	922	0.0
CJJ81176_RS05295	Cj1090c	100.000	100	170	170	170	342	6.03e-124
CJJ81176_RS05300	Cj1091c	99.258	100	809	809	809	1659	0.0
CJJ81176_RS05305	Cj1092c	99.690	100	323	323	323	642	0.0
CJJ81176_RS05310	Cj1093c	99.049	100	526	526	526	1050	0.0
CJJ81176_RS05315	Cj1094c	100.000	100	90	90	90	181	4.98e-63
CJJ81176_RS05320	Cj1095	99.546	100	441	441	441	868	0.0
CJJ81176_RS05325	Cj1096c	99.749	100	398	398	398	822	0.0
CJJ81176_RS05330	Cj1097	99.017	100	407	407	407	788	0.0
CJJ81176_RS05335	Cj1098	98.644	100	295	295	295	600	0.0
CJJ81176_RS05340	Cj1099	98.953	100	572	573	573	1159	0.0
CJJ81176_RS05345	Cj1100	100.000	100	145	145	145	290	1.87e-104
CJJ81176_RS05350	Cj1101	99.566	100	691	691	691	1391	0.0
CJJ81176_RS05355	Cj1102	98.162	100	272	272	272	541	0.0
CJJ81176_RS05360	Cj1103	100.000	100	75	75	75	143	1.77e-48
CJJ81176_RS05365	Cj1104	98.824	100	255	255	255	506	0.0
CJJ81176_RS05370	Cj1105	100.000	100	150	150	150	297	6.31e-107
CJJ81176_RS05375	Cj1106	97.500	100	200	200	200	397	7.53e-145
CJJ81176_RS05380	Cj1107	98.958	100	96	96	96	196	1.82e-68
CJJ81176_RS05385	Cj1108	98.590	100	709	709	709	1390	0.0
CJJ81176_RS05390	Cj1109	99.535	100	215	215	215	443	1.13e-162
CJJ81176_RS05395	Cj1110c	99.068	100	429	429	429	875	0.0
CJJ81176_RS05400	Cj1111c	99.519	100	208	208	208	402	1.14e-146
CJJ81176_RS05405	Cj1112c	100.000	100	119	119	119	244	3.64e-87
CJJ81176_RS05410	Cj1113	98.113	100	265	265	265	535	0.0
CJJ81176_RS05415	Cj1114c	99.174	100	242	242	242	467	4.74e-171
CJJ81176_RS05420	Cj1115c	99.512	100	205	205	205	410	6.99e-150
CJJ81176_RS05425	Cj1116c	99.535	100	645	645	645	1299	0.0
CJJ81176_RS09080	Cj1117c	98.577	100	281	281	281	560	0.0
CJJ81176_RS05435	Cj1118c	100.000	100	130	130	130	260	7.05e-93
CJJ81176_RS05440	Cj1119c	98.990	100	297	297	297	596	0.0
CJJ81176_RS05445	Cj1120c	99.492	100	590	590	590	1187	0.0
CJJ81176_RS05450	Cj1121c	98.187	100	386	386	386	777	0.0
CJJ81176_RS05455	Cj1123c	97.938	99	196	195	194	381	8.56e-139
CJJ81176_RS05460	Cj1124c	99.000	100	200	200	200	395	6.12e-144
CJJ81176_RS05465	Cj1125c	97.606	100	376	376	376	744	0.0
CJJ81176_RS05470	Cj1126c	98.597	100	713	713	713	1422	0.0
CJJ81176_RS05475	Cj1127c	98.356	100	365	365	365	718	0.0
CJJ81176_RS05480	Cj1128c	99.353	100	309	309	309	620	0.0
CJJ81176_RS05485	Cj1129c	98.329	100	359	359	359	717	0.0
CJJ81176_RS05490	Cj1130c	98.227	100	564	564	564	1108	0.0
CJJ81176_RS05495	Cj1131c	99.085	100	328	328	328	681	0.0
CJJ81176_RS05500	Cj1132c	97.727	100	264	264	264	526	0.0
CJJ81176_RS05505	Cj1133	98.538	100	342	342	342	675	0.0
CJJ81176_RS05510	Cj1134	96.610	100	295	295	295	586	0.0
CJJ81176_RS05515	Cj1135	88.544	100	515	515	515	937	0.0
CJJ81176_RS05520	Cj1136	78.261	6	389	390	23	45.1	1.97e-06
CJJ81176_RS08995	Cj0662c	48.148	40	57	439	27	23.1	0.46
CJJ81176_RS05525	Cj1143	51.505	98	300	536	299	278	9.87e-92
CJJ81176_RS09000	Cj1139c	67.241	57	302	303	174	235	6.16e-78
CJJ81176_RS05540	Cj1140	53.103	99	291	294	290	290	8.37e-100
CJJ81176_RS05545	Cj1141	77.259	99	346	343	343	554	0.0
CJJ81176_RS05550	Cj1142	69.892	99	374	371	372	533	0.0
CJJ81176_RS05555	Cj1143	65.909	98	315	536	308	422	7.85e-148
CJJ81176_RS05560	Cj1143	69.725	99	221	536	218	314	5.18e-107
CJJ81176_RS05565	Cj0274	24.113	47	277	263	141	41.6	9.59e-06
CJJ81176_RS05570	Cj1146c	86.861	99	275	274	274	478	2.66e-174
CJJ81176_RS05575	Cj1148	94.586	99	317	319	314	615	0.0
CJJ81176_RS05580	Cj1024c	25.984	50	251	433	127	26.2	1.0
CJJ81176_RS05585	Cj1149c	97.312	100	186	186	186	367	1.22e-133
CJJ81176_RS05590	Cj1150c	96.009	98	461	461	451	866	0.0
CJJ81176_RS05595	Cj1151c	99.369	100	317	317	317	646	0.0
CJJ81176_RS05600	Cj1152c	98.387	100	186	186	186	365	1.32e-132
CJJ81176_RS05605	Cj1153	100.000	100	100	100	100	202	6.13e-71
CJJ81176_RS05610	Cj1154c	100.000	100	68	68	68	135	3.08e-45
CJJ81176_RS05615	Cj1155c	98.344	100	785	785	785	1551	0.0
CJJ81176_RS05620	Cj1156	99.769	100	432	432	432	881	0.0
CJJ81176_RS05625	Cj1157	97.839	100	509	509	509	1019	0.0
CJJ81176_RS05630	Cj1158c	84.211	44	173	75	76	128	7.45e-41
CJJ81176_RS05635	Cj1161c	96.853	100	699	699	699	1356	0.0
CJJ81176_RS05640	Cj1162c	96.875	100	64	64	64	121	6.99e-40
CJJ81176_RS05645	Cj1163c	98.734	100	316	316	316	623	0.0
CJJ81176_RS05650	Cj1164c	100.000	100	87	87	87	185	1.13e-64
CJJ81176_RS05655	Cj1165c	99.390	100	164	164	164	323	1.05e-116
CJJ81176_RS05660	Cj1166c	98.837	100	258	258	258	518	0.0
CJJ81176_RS05665	Cj1167	98.377	100	308	308	308	612	0.0
CJJ81176_RS05670	Cj1168c	99.000	100	200	200	200	396	2.09e-144
CJJ81176_RS05675	Cj1169c	100.000	100	75	75	75	151	1.26e-51
CJJ81176_RS05680	Cj1170c	90.586	100	466	473	478	848	0.0
CJJ81176_RS05685	Cj1171c	99.375	100	160	160	160	330	1.08e-119
CJJ81176_RS05690	Cj1172c	99.574	100	235	235	235	476	7.45e-175
CJJ81176_RS05695	Cj1173	99.115	100	113	113	113	208	6.50e-73
CJJ81176_RS05700	Cj1174	99.020	100	102	102	102	188	3.03e-65
CJJ81176_RS05705	Cj1175c	99.057	100	530	530	530	1076	0.0
CJJ81176_RS05710	Cj1176c	100.000	100	79	79	79	158	4.45e-54
CJJ81176_RS05715	Cj1177c	100.000	100	207	207	207	422	1.70e-154
CJJ81176_RS05720	Cj1178c	100.000	100	542	542	542	1031	0.0
CJJ81176_RS05725	Cj1179c	99.606	99	255	255	254	486	2.41e-178
CJJ81176_RS05730	Cj1180c	98.578	100	211	211	211	423	7.73e-155
CJJ81176_RS05735	Cj1181c	99.160	100	357	357	357	724	0.0
CJJ81176_RS05740	Cj1182c	99.620	100	263	263	263	541	0.0
CJJ81176_RS05745	Cj1183c	93.023	100	387	387	387	746	0.0
CJJ81176_RS05750	Cj1184c	98.128	100	374	374	374	759	0.0
CJJ81176_RS05755	Cj1185c	99.760	100	416	416	416	836	0.0
CJJ81176_RS05760	Cj1186c	100.000	100	167	167	167	343	1.34e-124
CJJ81176_RS05765	Cj1187c	99.533	100	428	428	428	818	0.0
CJJ81176_RS05770	Cj1188c	100.000	100	619	619	619	1267	0.0
CJJ81176_RS05775	Cj1189c	100.000	100	165	165	165	342	2.51e-124
CJJ81176_RS05780	Cj1190c	100.000	100	459	459	459	919	0.0
CJJ81176_RS05785	Cj1191c	100.000	100	164	164	164	334	3.76e-121
CJJ81176_RS05790	Cj1192	99.127	100	458	458	458	908	0.0
CJJ81176_RS05795	Cj1193c	98.881	100	268	268	268	533	0.0
CJJ81176_RS05800	Cj1194	99.606	100	508	508	508	1001	0.0
CJJ81176_RS05805	Cj1195c	99.235	100	392	392	392	775	0.0
CJJ81176_RS05810	Cj1196c	99.329	100	298	298	298	606	0.0
CJJ81176_RS05815	Cj1197c	98.729	100	472	472	472	949	0.0
CJJ81176_RS05820	Cj1198	96.341	100	164	164	164	333	8.11e-121
CJJ81176_RS05825	Cj1199	98.788	100	330	330	330	671	0.0
CJJ81176_RS05830	Cj1200	97.266	100	256	262	256	511	0.0
CJJ81176_RS05835	Cj1201	99.072	100	754	754	754	1523	0.0
CJJ81176_RS05840	Cj1202	98.582	100	282	282	282	567	0.0
CJJ81176_RS05845	Cj1203c	98.413	100	63	63	63	115	7.59e-38
CJJ81176_RS05850	Cj1204c	99.558	100	226	226	226	444	1.40e-162
CJJ81176_RS05855	Cj1205c	99.327	100	446	446	446	898	0.0
CJJ81176_RS05860	Cj1206c	99.306	100	288	288	288	575	0.0
CJJ81176_RS05865	Cj1207c	98.919	100	185	185	185	370	1.47e-134
CJJ81176_RS05870	Cj1208	99.519	100	208	208	208	412	8.59e-151
CJJ81176_RS05875	Cj1209	99.807	100	517	517	517	1020	0.0
CJJ81176_RS05880	Cj1210	99.459	100	185	185	185	360	8.10e-131
CJJ81176_RS05885	Cj1211	99.761	100	419	419	419	814	0.0
CJJ81176_RS05890	Cj1212c	100.000	100	268	268	268	528	0.0
CJJ81176_RS05895	Cj1213c	99.565	100	460	460	460	932	0.0
CJJ81176_RS05900	Cj1214c	99.585	100	241	241	241	484	6.45e-178
CJJ81176_RS05905	Cj1215	99.741	100	386	386	386	794	0.0
CJJ81176_RS05910	Cj1216c	97.015	100	67	67	67	127	4.14e-42
CJJ81176_RS05915	Cj1217c	96.903	100	226	226	226	441	2.22e-161
CJJ81176_RS05920	Cj1218c	98.522	100	203	203	203	407	1.17e-148
CJJ81176_RS05925	Cj1219c	97.281	100	846	846	846	1583	0.0
CJJ81176_RS05930	Cj1220	100.000	100	86	86	86	170	1.37e-58
CJJ81176_RS05935	Cj1221	100.000	100	545	545	545	1074	0.0
CJJ81176_RS05940	Cj1222c	99.495	100	396	396	396	795	0.0
CJJ81176_RS05945	Cj1223c	100.000	100	221	221	221	446	9.40e-164
CJJ81176_RS05950	Cj1224	98.995	100	199	199	199	407	6.27e-149
CJJ81176_RS05955	Cj1225	100.000	100	82	82	82	162	1.05e-55
CJJ81176_RS05965	Cj1226c	100.000	100	415	415	415	832	0.0
CJJ81176_RS05970	Cj1227c	100.000	100	224	224	224	450	3.50e-165
CJJ81176_RS05975	Cj1228c	99.576	100	472	472	472	928	0.0
CJJ81176_RS05980	Cj1229	98.990	100	297	297	297	583	0.0
CJJ81176_RS05985	Cj1230	99.194	100	124	124	124	247	7.31e-88
CJJ81176_RS05990	Cj1231	99.815	100	541	541	541	1065	0.0
CJJ81176_RS05995	Cj1232	100.000	100	110	110	110	213	8.69e-75
CJJ81176_RS06000	Cj1233	98.058	100	206	206	206	416	2.27e-152
CJJ81176_RS06005	Cj1234	98.494	100	664	664	664	1328	0.0
CJJ81176_RS06010	Cj1235	95.604	100	273	273	273	538	0.0
CJJ81176_RS06015	Cj1236	95.253	100	316	316	316	605	0.0
CJJ81176_RS06020	Cj1237c	97.222	100	324	324	324	633	0.0
CJJ81176_RS06025	Cj1238	96.484	98	262	257	256	498	0.0
CJJ81176_RS06030	Cj1239	99.451	100	364	364	364	722	0.0
CJJ81176_RS06035	Cj1240c	92.818	87	209	200	181	304	7.83e-108
CJJ81176_RS06040	Cj1241	97.494	100	399	399	399	775	0.0
CJJ81176_RS06045	Cj1242	96.226	100	106	106	106	202	8.07e-71
CJJ81176_RS06050	Cj1243	99.412	100	340	340	340	698	0.0
CJJ81176_RS06055	Cj1244	99.000	100	300	300	300	586	0.0
CJJ81176_RS06060	Cj1245c	98.492	100	398	398	398	777	0.0
CJJ81176_RS06065	Cj1246c	96.500	100	600	600	600	1163	0.0
CJJ81176_RS06070	Cj1247c	98.171	100	164	164	164	323	1.11e-116
CJJ81176_RS06075	Cj1248	98.043	100	511	511	511	1035	0.0
CJJ81176_RS06080	Cj1249	98.560	100	486	486	486	988	0.0
CJJ81176_RS06085	Cj1250	99.519	100	416	416	416	842	0.0
CJJ81176_RS06090	Cj1251	98.667	100	150	150	150	301	2.29e-108
CJJ81176_RS06095	Cj1252	98.974	100	682	682	682	1381	0.0
CJJ81176_RS06100	Cj1253	98.887	100	719	719	719	1442	0.0
CJJ81176_RS06105	Cj1254	98.125	100	160	160	160	323	8.30e-117
CJJ81176_RS06110	Cj1255	100.000	100	69	69	69	138	1.29e-46
CJJ81176_RS06115	Cj1256c	100.000	100	220	220	220	439	1.22e-160
CJJ81176_RS06120	Cj1257c	99.746	100	394	394	394	773	0.0
CJJ81176_RS06125	Cj1258	100.000	100	151	151	151	308	1.75e-111
CJJ81176_RS06130	Cj1259	96.226	100	424	424	424	768	0.0
CJJ81176_RS06135	Cj1260c	98.663	100	374	373	374	748	0.0
CJJ81176_RS06140	Cj1261	100.000	100	223	223	223	453	2.80e-166
CJJ81176_RS06145	Cj1262	100.000	100	411	411	411	832	0.0
CJJ81176_RS06150	Cj1263	99.474	100	190	190	190	377	2.67e-137
CJJ81176_RS06155	Cj1264c	98.876	100	178	178	178	361	2.28e-131
CJJ81176_RS06160	Cj1265c	99.130	100	230	230	230	467	1.18e-171
CJJ81176_RS06165	Cj1266c	99.299	100	571	571	571	1183	0.0
CJJ81176_RS06170	Cj1267c	99.472	100	379	379	379	790	0.0
CJJ81176_RS06175	Cj1268c	96.737	100	613	613	613	1201	0.0
CJJ81176_RS06180	Cj1269c	97.420	100	659	659	659	1281	0.0
CJJ81176_RS06185	Cj1270c	99.449	100	363	363	363	739	0.0
CJJ81176_RS06190	Cj1271c	99.252	100	401	401	401	817	0.0
CJJ81176_RS06195	Cj1272c	99.453	100	731	731	731	1490	0.0
CJJ81176_RS06200	Cj1273c	100.000	100	74	74	74	146	1.49e-49
CJJ81176_RS06205	Cj1274c	99.582	100	239	239	239	482	2.87e-177
CJJ81176_RS06210	Cj1275c	99.748	100	397	397	397	786	0.0
CJJ81176_RS06215	Cj1276c	99.627	100	268	268	268	528	0.0
CJJ81176_RS06220	Cj1277c	99.548	100	221	221	221	453	3.13e-166
CJJ81176_RS06225	Cj1278c	98.980	100	392	392	392	780	0.0
CJJ81176_RS06230	Cj1279c	98.297	100	411	411	411	822	0.0
CJJ81176_RS06235	Cj1280c	98.758	100	322	322	322	645	0.0
CJJ81176_RS06240	Cj1282	99.727	100	366	366	366	723	0.0
CJJ81176_RS06255	Cj1283	99.553	100	447	447	447	874	0.0
CJJ81176_RS06260	Cj1284	100.000	100	216	216	216	430	2.90e-157
CJJ81176_RS06265	Cj1285c	99.552	100	223	223	223	442	5.33e-162
CJJ81176_RS06270	Cj1286c	99.519	100	208	208	208	420	1.25e-153
CJJ81176_RS06275	Cj1287c	100.000	100	411	411	411	822	0.0
CJJ81176_RS06280	Cj1288c	99.784	100	463	463	463	952	0.0
CJJ81176_RS06285	Cj1289	99.262	100	271	271	271	538	0.0
CJJ81176_RS06290	Cj1290c	99.549	100	443	443	443	911	0.0
CJJ81176_RS06295	Cj1291c	99.338	100	151	151	151	299	1.36e-107
CJJ81176_RS06300	Cj1292	98.925	100	186	186	186	380	9.72e-139
CJJ81176_RS06305	Cj1293	94.611	100	334	334	334	664	0.0
CJJ81176_RS06310	Cj1294	92.819	100	376	376	376	699	0.0
CJJ81176_RS06315	Cj1295	95.600	57	436	435	250	483	2.48e-171
CJJ81176_RS06320	Cj1300	52.881	99	298	297	295	341	1.02e-119
CJJ81176_RS06325	Cj1298	47.660	98	239	263	235	216	9.16e-72
CJJ81176_RS06330	Cj1299	72.000	100	75	76	75	103	2.54e-32
CJJ81176_RS06335	Cj0435	40.541	8	452	247	37	30.0	0.11
CJJ81176_RS06340	Cj1302	98.846	100	520	520	520	1022	0.0
CJJ81176_RS06345	Cj1303	99.150	100	353	353	353	717	0.0
CJJ81176_RS06350	Cj1304	95.890	100	73	73	73	138	2.02e-46
CJJ81176_RS06355	Cj1305c	84.938	100	404	405	405	668	0.0
CJJ81176_RS06360	Cj1307	84.095	100	503	502	503	852	0.0
CJJ81176_RS06365	Cj1214c	28.358	27	241	241	67	26.2	0.69
CJJ81176_RS06375	Cj1308	93.056	97	74	75	72	131	1.68e-43
CJJ81176_RS06380	Cj1305c	70.690	100	403	405	406	530	0.0
CJJ81176_RS06385	Cj1311	97.845	100	232	232	232	473	7.62e-174
CJJ81176_RS06390	Cj1312	99.635	100	274	274	274	552	0.0
CJJ81176_RS06395	Cj1313	88.535	100	157	157	157	288	4.01e-103
CJJ81176_RS06400	Cj1314c	97.984	100	248	248	248	487	7.13e-179
CJJ81176_RS06405	Cj1315c	98.507	100	201	201	201	396	1.39e-144
CJJ81176_RS06410	Cj1316c	99.735	100	378	378	378	777	0.0
CJJ81176_RS06415	Cj1317	97.376	100	343	343	343	681	0.0
CJJ81176_RS06420	Cj1334	70.942	100	616	619	616	885	0.0
CJJ81176_RS06425	Cj1333	64.778	99	654	653	653	832	0.0
CJJ81176_RS06430	Cj1337	55.803	99	632	628	629	673	0.0
CJJ81176_RS06435	Cj1338c	80.556	100	576	572	576	813	0.0
CJJ81176_RS06440	Cj1339c	80.556	100	576	572	576	815	0.0
CJJ81176_RS06445	Cj1341c	58.182	99	608	607	605	674	0.0
CJJ81176_RS06450	Cj1342c	75.481	100	416	413	416	619	0.0
CJJ81176_RS06455	Cj1343c	94.152	100	171	171	171	320	1.69e-115
CJJ81176_RS06460	Cj1344c	97.015	100	335	335	335	657	0.0
CJJ81176_RS06465	Cj1345c	98.491	100	464	464	464	931	0.0
CJJ81176_RS06470	Cj1346c	97.753	100	356	356	356	704	0.0
CJJ81176_RS06475	Cj1347c	98.755	100	241	241	241	459	3.73e-168
CJJ81176_RS06480	Cj1348c	99.107	100	112	112	112	222	2.32e-78
CJJ81176_RS06485	Cj1349c	98.621	100	435	435	435	851	0.0
CJJ81176_RS06490	Cj1350	98.953	100	191	191	191	376	6.86e-137
CJJ81176_RS06495	Cj1351	98.176	100	329	329	329	659	0.0
CJJ81176_RS06500	Cj1352	99.068	100	322	322	322	613	0.0
CJJ81176_RS06505	Cj1353	99.038	100	312	312	312	595	0.0
CJJ81176_RS06510	Cj1354	97.610	100	251	251	251	489	1.72e-179
CJJ81176_RS06515	Cj1355	98.182	100	330	330	330	646	0.0
CJJ81176_RS06520	Cj0375	29.825	73	73	158	57	25.8	0.10
CJJ81176_RS06525	Cj0642	32.000	54	93	507	50	25.0	0.38
CJJ81176_RS06535	Cj1356c	100.000	100	184	184	184	370	1.30e-134
CJJ81176_RS06540	Cj1357c	99.508	100	610	610	610	1275	0.0
CJJ81176_RS06545	Cj1358c	100.000	100	171	171	171	359	7.07e-131
CJJ81176_RS06550	Cj1359	100.000	100	694	694	694	1434	0.0
CJJ81176_RS06555	Cj1361c	100.000	100	136	150	136	282	2.53e-101
CJJ81176_RS06560	Cj1362	100.000	100	335	335	335	672	0.0
CJJ81176_RS06565	Cj1363	100.000	100	347	347	347	672	0.0
CJJ81176_RS06570	Cj1364c	99.568	100	463	463	463	954	0.0
CJJ81176_RS06575	Cj1365c	100.000	100	1041	1041	1041	2119	0.0
CJJ81176_RS06580	Cj1366c	99.833	100	598	598	598	1236	0.0
CJJ81176_RS06585	Cj1367c	99.744	100	782	782	782	1539	0.0
CJJ81176_RS06590	Cj1368	91.525	100	354	354	354	687	0.0
CJJ81176_RS06595	Cj1365c	39.549	100	1121	1041	1153	711	0.0
CJJ81176_RS06600	Cj1369	93.394	100	439	439	439	820	0.0
CJJ81176_RS06605	Cj1370	96.599	100	147	147	147	283	1.37e-101
CJJ81176_RS06610	Cj1371	96.983	100	232	232	232	464	1.45e-170
CJJ81176_RS06615	Cj1372	96.825	100	189	189	189	358	6.21e-130
CJJ81176_RS06620	Cj1373	98.785	100	823	823	823	1622	0.0
CJJ81176_RS06625	Cj1374c	100.000	100	200	200	200	401	2.45e-146
CJJ81176_RS06630	Cj1375	98.376	99	433	431	431	837	0.0
CJJ81176_RS06635	Cj1377c	99.819	99	557	553	551	1129	0.0
CJJ81176_RS06640	Cj1378	100.000	100	440	440	440	882	0.0
CJJ81176_RS06645	Cj1379	99.834	100	601	601	601	1193	0.0
CJJ81176_RS06650	Cj1380	99.576	100	236	236	236	476	4.45e-175
CJJ81176_RS06655	Cj1381	98.295	96	183	176	176	354	1.58e-128
CJJ81176_RS06660	Cj1382c	100.000	100	163	163	163	325	1.96e-117
CJJ81176_RS06665	Cj1383c	100.000	100	231	231	231	461	2.95e-169
CJJ81176_RS06670	Cj1384c	100.000	100	104	104	104	215	5.21e-76
CJJ81176_RS06675	Cj1385	100.000	100	474	474	474	988	0.0
CJJ81176_RS06680	Cj1386	98.718	100	156	156	156	308	6.21e-111
CJJ81176_RS06685	Cj1387c	99.083	100	218	218	218	437	3.23e-160
CJJ81176_RS06690	Cj1388	99.167	100	120	120	120	239	3.90e-85
CJJ81176_RS06695	Cj0203	26.562	13	479	448	64	31.6	0.040
CJJ81176_RS06700	Cj1727c	30.028	82	387	423	363	144	1.50e-40
CJJ81176_RS06705	Cj1394	96.703	100	455	455	455	906	0.0
CJJ81176_RS06710	Cj0857c	35.714	9	446	386	42	26.9	1.1
CJJ81176_RS06715	Cj1397	98.649	100	74	74	74	140	2.97e-47
CJJ81176_RS06720	Cj1398	100.000	39	614	613	242	489	4.40e-168
CJJ81176_RS06725	Cj1399c	98.793	100	497	497	497	1000	0.0
CJJ81176_RS06730	Cj1400c	100.000	100	274	274	274	556	0.0
CJJ81176_RS06735	Cj1401c	97.758	100	223	223	223	441	2.64e-161
CJJ81176_RS06740	Cj1402c	99.750	100	400	400	400	811	0.0
CJJ81176_RS06745	Cj1403c	100.000	100	332	332	332	682	0.0
CJJ81176_RS06750	Cj1404	99.448	100	181	181	181	367	1.11e-133
CJJ81176_RS06755	Cj1405	99.074	100	108	108	108	211	2.71e-74
CJJ81176_RS06760	Cj1406c	97.414	93	125	116	116	219	5.69e-77
CJJ81176_RS06765	Cj1407c	99.123	100	456	462	456	922	0.0
CJJ81176_RS06770	Cj1408	99.438	100	178	178	178	351	1.95e-127
CJJ81176_RS06775	Cj1409	98.261	100	115	115	115	232	2.89e-82
CJJ81176_RS06780	Cj1410c	99.281	100	139	139	139	280	1.01e-100
CJJ81176_RS06785	Cj1411c	98.896	100	453	453	453	926	0.0
CJJ81176_RS06790	Cj1412c	99.464	100	373	373	373	758	0.0
CJJ81176_RS06795	Cj1413c	97.716	100	394	394	394	793	0.0
CJJ81176_RS06800	Cj1414c	96.517	100	689	689	689	1350	0.0
CJJ81176_RS06805	Cj1415c	97.059	100	170	170	170	336	1.05e-121
CJJ81176_RS06810	Cj1416c	98.419	100	253	253	253	504	0.0
CJJ81176_RS06815	Cj1417c	98.000	100	200	200	200	404	1.78e-147
CJJ81176_RS06820	Cj1418c	97.689	100	779	779	779	1548	0.0
CJJ81176_RS06825	Cj1419c	98.024	100	253	253	253	516	0.0
CJJ81176_RS06830	Cj1420c	99.222	100	257	257	257	535	0.0
CJJ81176_RS06835	Cj1422c	81.250	5	593	625	32	60.8	4.97e-11
CJJ81176_RS06845	Cj1423c	89.545	98	224	221	220	392	5.20e-142
CJJ81176_RS06850	Cj1424c	97.512	100	201	201	201	397	5.30e-145
CJJ81176_RS06855	Cj1425c	97.050	100	339	339	339	675	0.0
CJJ81176_RS06860	Cj1427c	97.428	99	312	313	311	629	0.0
CJJ81176_RS06865	Cj1319	27.003	97	344	323	337	98.2	1.26e-24
CJJ81176_RS06870	Cj1428c	57.880	99	352	346	349	408	1.52e-144
CJJ81176_RS06875	Cj1429c	90.000	32	308	308	100	184	8.51e-58
CJJ81176_RS06885	Cj1430c	80.663	100	181	181	181	315	5.07e-113
CJJ81176_RS06890	Cj1431c	28.381	97	566	582	599	175	2.65e-49
CJJ81176_RS06895	Cj1138	61.094	58	569	389	329	395	2.72e-135
CJJ81176_RS06900	Cj1440c	65.839	63	493	407	322	378	1.22e-129
CJJ81176_RS06905	Cj1434c	60.000	13	420	445	40	50.4	4.27e-08
CJJ81176_RS06905	Cj1434c	26.923	13	420	445	52	26.2	1.8
CJJ81176_RS06910	Cj1422c	49.085	97	603	625	601	476	3.78e-163
CJJ81176_RS06915	Cj1442c	51.860	70	723	544	430	405	6.96e-135
CJJ81176_RS06915	Cj1442c	37.500	70	723	544	80	53.5	1.19e-08
CJJ81176_RS06920	Cj1443c	96.508	100	315	315	315	612	0.0
CJJ81176_RS06925	Cj1444c	99.094	100	552	552	552	1101	0.0
CJJ81176_RS06930	Cj1445c	98.118	100	372	372	372	731	0.0
CJJ81176_RS06935	Cj1447c	98.636	100	220	220	220	445	2.47e-163
CJJ81176_RS06940	Cj1448c	95.000	100	260	260	260	473	5.17e-173
CJJ81176_RS06945	Cj1449c	96.296	100	135	135	135	256	2.24e-91
CJJ81176_RS06950	Cj1450	97.861	100	187	187	187	369	5.79e-134
CJJ81176_RS06955	Cj1451	97.817	100	229	229	229	451	4.81e-165
CJJ81176_RS06960	Cj1452	100.000	100	237	237	237	453	8.80e-166
CJJ81176_RS06965	Cj1453c	99.688	100	321	321	321	647	0.0
CJJ81176_RS06970	Cj1454c	98.633	100	439	439	439	882	0.0
CJJ81176_RS06975	Cj1455	99.452	100	365	365	365	748	0.0
CJJ81176_RS06980	Cj1456c	97.115	100	104	104	104	205	4.73e-72
CJJ81176_RS06985	Cj1457c	98.925	100	372	372	372	743	0.0
CJJ81176_RS06990	Cj1458c	96.337	100	273	273	273	533	0.0
CJJ81176_RS06995	Cj1459	98.319	100	357	357	357	691	0.0
CJJ81176_RS07000	Cj1460	98.425	100	127	127	127	237	5.05e-84
CJJ81176_RS07005	Cj1461	96.916	100	227	227	227	439	1.07e-160
CJJ81176_RS07010	Cj1462	98.851	100	348	348	348	686	0.0
CJJ81176_RS07015	Cj1463	97.345	100	113	113	113	219	4.19e-77
CJJ81176_RS07020	Cj1464	96.923	100	65	65	65	124	3.82e-41
CJJ81176_RS07025	Cj1465	100.000	100	144	144	144	279	3.90e-100
CJJ81176_RS07030	Cj1466	98.520	100	608	608	608	1211	0.0
CJJ81176_RS07035	Cj1467	100.000	70	252	254	177	363	1.45e-129
CJJ81176_RS07040	Cj1468	99.213	100	254	254	254	496	0.0
CJJ81176_RS07045	Cj0153c	29.508	15	392	227	61	27.3	0.60
CJJ81176_RS07050	Cj1471c	99.615	100	519	519	519	1046	0.0
CJJ81176_RS07055	Cj1472c	100.000	100	195	195	195	380	3.62e-138
CJJ81176_RS07060	Cj1473c	99.505	100	202	202	202	394	8.98e-144
CJJ81176_RS07065	Cj1474c	99.153	100	470	472	472	931	0.0
CJJ81176_RS07070	Cj1475c	100.000	100	103	105	103	206	2.59e-72
CJJ81176_RS07075	Cj1476c	99.578	100	1186	1186	1186	2462	0.0
CJJ81176_RS07080	Cj1477c	98.122	100	213	213	213	421	8.55e-154
CJJ81176_RS07085	Cj1478c	98.746	100	319	319	319	650	0.0
CJJ81176_RS07090	Cj1479c	100.000	100	129	129	129	260	3.99e-93
CJJ81176_RS07095	Cj1480c	100.000	100	141	141	141	291	8.26e-105
CJJ81176_RS07100	Cj1481c	98.480	100	921	921	921	1816	0.0
CJJ81176_RS07105	Cj1482c	99.492	100	788	788	788	1553	0.0
CJJ81176_RS07110	Cj1483c	100.000	100	173	173	173	351	1.26e-127
CJJ81176_RS07115	Cj1484c	99.500	100	200	200	200	396	1.73e-144
CJJ81176_RS07120	Cj1485c	96.970	100	33	33	33	62.4	2.15e-17
CJJ81176_RS07125	Cj1486c	98.630	100	73	73	73	149	1.03e-50
CJJ81176_RS07130	Cj1487c	100.000	100	287	287	287	587	0.0
CJJ81176_RS07135	Cj1488c	98.851	100	87	87	87	176	8.70e-61
CJJ81176_RS07140	Cj1489c	100.000	100	221	221	221	461	1.38e-169
CJJ81176_RS07145	Cj1490c	100.000	100	488	488	488	984	0.0
CJJ81176_RS07150	Cj1491c	95.575	100	226	226	226	431	2.93e-157
CJJ81176_RS07155	Cj1492c	99.752	100	403	403	403	804	0.0
CJJ81176_RS07160	Cj1493c	99.543	100	219	219	219	410	1.35e-149
CJJ81176_RS07165	Cj1494c	100.000	100	372	372	372	761	0.0
CJJ81176_RS07170	Cj1495c	100.000	100	183	183	183	360	6.51e-131
CJJ81176_RS07175	Cj1496c	99.419	100	172	172	172	335	1.75e-121
CJJ81176_RS07180	Cj1497c	100.000	100	142	142	142	280	1.63e-100
CJJ81176_RS07185	Cj1498c	99.760	100	416	416	416	850	0.0
CJJ81176_RS07195	Cj1500	99.502	100	402	402	402	792	0.0
CJJ81176_RS07200	Cj1501	98.667	100	75	75	75	152	9.07e-52
CJJ81176_RS07205	Cj1502c	99.795	99	489	495	488	974	0.0
CJJ81176_RS07210	Cj1503c	99.570	100	1162	1162	1162	2357	0.0
CJJ81176_RS07215	Cj1504c	99.351	91	340	308	308	614	0.0
CJJ81176_RS07220	Cj1505c	99.474	100	190	190	190	370	2.25e-134
CJJ81176_RS07225	Cj1506c	99.143	100	700	700	700	1390	0.0
CJJ81176_RS07230	Cj1507c	100.000	100	245	245	245	498	0.0
CJJ81176_RS07235	Cj1508c	98.462	100	260	260	260	523	0.0
CJJ81176_RS07240	Cj1509c	100.000	100	310	310	310	632	0.0
CJJ81176_RS07245	Cj1510c	100.000	100	213	213	213	440	2.05e-161
CJJ81176_RS07250	Cj1511c	99.893	100	934	934	934	1944	0.0
CJJ81176_RS07260	Cj1513c	100.000	100	63	63	63	125	1.86e-41
CJJ81176_RS07265	Cj1514c	99.578	100	237	237	237	467	3.33e-171
CJJ81176_RS07270	Cj1515c	98.953	100	382	382	382	780	0.0
CJJ81176_RS07275	Cj1516	97.466	100	513	513	513	1028	0.0
CJJ81176_RS07280	Cj1517	98.630	100	73	73	73	139	1.27e-46
CJJ81176_RS07285	Cj1518	97.297	100	148	148	148	297	6.12e-107
CJJ81176_RS07290	Cj1519	98.232	100	396	396	396	799	0.0
CJJ81176_RS07295	Cj1472c	27.397	25	282	195	73	24.3	3.2
CJJ81176_RS07300	Cj1550c	26.271	25	444	588	118	30.8	0.080
CJJ81176_RS07305	Cj1529c	99.088	100	329	329	329	660	0.0
CJJ81176_RS07310	Cj1530	98.507	100	201	201	201	391	1.32e-142
CJJ81176_RS07315	Cj1531	99.597	99	249	249	248	516	0.0
CJJ81176_RS07320	Cj1532	99.588	100	243	243	243	490	2.48e-180
CJJ81176_RS07325	Cj1533c	99.420	100	345	345	345	667	0.0
CJJ81176_RS07330	Cj1534c	100.000	100	149	149	149	308	2.75e-111
CJJ81176_RS07335	Cj1535c	100.000	100	406	406	406	830	0.0
CJJ81176_RS07340	Cj1536c	100.000	100	274	274	274	564	0.0
CJJ81176_RS07345	Cj1537c	100.000	100	657	657	657	1360	0.0
CJJ81176_RS07350	Cj1538c	100.000	100	331	331	331	658	0.0
CJJ81176_RS07355	Cj1539c	99.561	100	228	239	228	438	5.42e-160
CJJ81176_RS07360	Cj1540	100.000	100	269	269	269	544	0.0
CJJ81176_RS07365	Cj1541	100.000	100	255	255	255	516	0.0
CJJ81176_RS07370	Cj1542	100.000	100	246	246	246	501	0.0
CJJ81176_RS07375	Cj1543	99.688	100	321	321	321	649	0.0
CJJ81176_RS07380	Cj1544c	100.000	100	298	298	298	583	0.0
CJJ81176_RS07385	Cj1545c	100.000	100	192	192	192	395	3.66e-144
CJJ81176_RS07390	Cj1546	100.000	100	115	115	115	234	3.37e-83
CJJ81176_RS07395	Cj1547	100.000	100	149	149	149	297	5.36e-107
CJJ81176_RS07400	Cj1548c	100.000	100	358	358	358	739	0.0
CJJ81176_RS07405	Cj1549c	100.000	100	1031	1031	1031	2102	0.0
CJJ81176_RS07410	Cj1550c	100.000	100	588	588	588	1192	0.0
CJJ81176_RS07415	Cj1551c	100.000	100	380	380	380	771	0.0
CJJ81176_RS07420	Cj1552c	100.000	100	488	488	488	999	0.0
CJJ81176_RS07425	Cj1553c	100.000	100	500	500	500	1026	0.0
CJJ81176_RS09010	Cj1201	37.838	37	101	754	37	22.3	3.9
CJJ81176_RS07430	Cj1555c	99.526	100	211	211	211	431	8.21e-158
CJJ81176_RS07435	Cj1556	100.000	100	110	110	110	219	1.70e-77
CJJ81176_RS09015	Cj1452	43.750	9	315	237	32	26.9	0.62
CJJ81176_RS07450	Cj0061c	39.394	30	107	238	33	25.8	0.26
CJJ81176_RS07455	Cj1563c	100.000	100	143	143	143	290	3.14e-104
CJJ81176_RS07460	Cj1564	99.662	44	666	662	296	620	0.0
CJJ81176_RS07465	Cj1565c	100.000	100	788	788	788	1589	0.0
CJJ81176_RS07470	Cj1566c	100.000	100	462	462	462	901	0.0
CJJ81176_RS07475	Cj1567c	100.000	100	495	495	495	962	0.0
CJJ81176_RS07480	Cj1568c	100.000	100	596	596	596	1193	0.0
CJJ81176_RS07485	Cj1569c	100.000	100	98	98	98	192	3.46e-67
CJJ81176_RS07490	Cj1570c	100.000	100	172	172	172	330	2.42e-119
CJJ81176_RS07495	Cj1571c	100.000	100	213	213	213	441	6.77e-162
CJJ81176_RS07500	Cj1572c	99.699	100	332	332	332	654	0.0
CJJ81176_RS07505	Cj1573c	99.878	100	820	820	820	1684	0.0
CJJ81176_RS07510	Cj1574c	99.565	100	230	230	230	451	3.99e-165
CJJ81176_RS07515	Cj1575c	100.000	100	75	75	75	148	3.63e-50
CJJ81176_RS07520	Cj1576c	99.755	100	408	408	408	849	0.0
CJJ81176_RS07525	Cj1577c	100.000	100	264	264	264	538	0.0
CJJ81176_RS07530	Cj1578c	100.000	100	167	167	167	351	8.14e-128
CJJ81176_RS07535	Cj1579c	100.000	100	129	129	129	251	2.23e-89
CJJ81176_RS07540	Cj1580c	99.548	100	221	221	221	440	3.37e-161
CJJ81176_RS07545	Cj1581c	98.729	100	236	236	236	465	1.58e-170
CJJ81176_RS07550	Cj1582c	98.485	100	264	264	264	496	0.0
CJJ81176_RS07555	Cj1583c	97.771	100	314	314	314	597	0.0
CJJ81176_RS07560	Cj1584c	97.456	100	511	511	511	1006	0.0
CJJ81176_RS07565	Cj0264c	28.054	88	774	838	745	192	1.25e-52
CJJ81176_RS07570	Cj1510c	32.620	76	218	213	187	92.8	1.16e-24
CJJ81176_RS07575	Cj0126c	36.538	16	288	153	52	26.9	0.46
CJJ81176_RS07580	Cj0784	26.364	59	185	304	110	28.5	0.095
CJJ81176_RS07585	Cj1586	99.286	100	140	140	140	284	5.62e-102
CJJ81176_RS07590	Cj1587c	99.632	100	543	543	543	1086	0.0
CJJ81176_RS07595	Cj1588c	98.608	100	431	431	431	841	0.0
CJJ81176_RS07600	Cj1589	97.358	100	265	265	265	513	0.0
CJJ81176_RS07605	Cj1590	100.000	100	72	72	72	149	7.87e-51
CJJ81176_RS07610	Cj1591	100.000	100	37	37	37	73.2	1.57e-21
CJJ81176_RS07615	Cj1592	99.174	100	121	121	121	241	1.43e-85
CJJ81176_RS07620	Cj1593	100.000	100	130	130	130	263	6.65e-94
CJJ81176_RS07625	Cj1594	99.519	100	208	208	208	417	2.27e-152
CJJ81176_RS07630	Cj1595	99.703	100	337	337	337	680	0.0
CJJ81176_RS07635	Cj1596	100.000	100	117	117	117	236	6.74e-84
CJJ81176_RS07640	Cj1597	98.997	100	299	299	299	602	0.0
CJJ81176_RS07645	Cj1598	97.897	100	428	428	428	850	0.0
CJJ81176_RS07650	Cj1599	99.148	100	352	352	352	715	0.0
CJJ81176_RS07655	Cj1600	97.436	100	195	195	195	393	2.09e-143
CJJ81176_RS07660	Cj1601	98.354	100	243	243	243	479	1.03e-175
CJJ81176_RS07665	Cj1602	93.711	100	300	318	318	588	0.0
CJJ81176_RS07670	Cj1603	98.824	100	255	255	255	512	0.0
CJJ81176_RS07675	Cj1604	99.034	100	207	207	207	420	1.14e-153
CJJ81176_RS07680	Cj1605c	98.964	100	386	386	386	777	0.0
CJJ81176_RS07685	Cj1606c	98.913	100	368	368	368	745	0.0
CJJ81176_RS07690	Cj1607	99.191	100	371	371	371	755	0.0
CJJ81176_RS07695	Cj1608	98.983	100	295	295	295	577	0.0
CJJ81176_RS07700	Cj1609	99.223	100	386	386	386	788	0.0
CJJ81176_RS07705	Cj1610	98.193	100	166	166	166	317	2.13e-114
CJJ81176_RS07710	Cj1611	98.851	100	87	87	87	166	3.55e-57
CJJ81176_RS07715	Cj1612	99.718	100	355	355	355	717	0.0
CJJ81176_RS07720	Cj1613c	98.008	100	251	251	251	506	0.0
CJJ81176_RS07725	Cj1614	90.999	100	702	709	711	1269	0.0
CJJ81176_RS07730	Cj1615	99.695	100	328	328	328	637	0.0
CJJ81176_RS07735	Cj1616	98.062	100	258	258	258	496	0.0
CJJ81176_RS07740	Cj1617	97.761	100	268	268	268	509	0.0
CJJ81176_RS07745	Cj1618c	97.895	100	285	305	285	565	0.0
CJJ81176_RS07750	Cj1619	100.000	100	419	419	419	842	0.0
CJJ81176_RS07755	Cj1620c	97.935	100	339	339	339	675	0.0
CJJ81176_RS07760	Cj1621	97.600	100	250	250	250	489	9.69e-180
CJJ81176_RS07785	Cj1622	97.917	100	336	336	336	670	0.0
CJJ81176_RS07790	Cj1623	97.110	100	173	173	173	323	2.37e-116
CJJ81176_RS07795	Cj1624c	99.119	100	454	454	454	923	0.0
CJJ81176_RS07800	Cj1625c	98.798	100	416	416	416	816	0.0
CJJ81176_RS07805	Cj1626c	95.652	100	138	138	138	244	2.42e-86
CJJ81176_RS07810	Cj1627c	97.571	100	247	247	247	488	2.30e-179
CJJ81176_RS07815	Cj1628	99.291	100	141	141	141	279	4.47e-100
CJJ81176_RS07820	Cj1629	97.674	100	129	129	129	242	6.87e-86
CJJ81176_RS07825	Cj1630	97.797	100	227	227	227	447	1.38e-163
CJJ81176_RS07830	Cj1631c	96.194	100	289	289	289	546	0.0
CJJ81176_RS07835	Cj1632c	100.000	100	53	53	53	105	5.32e-34
CJJ81176_RS07840	Cj1633	98.777	100	327	327	327	662	0.0
CJJ81176_RS07845	Cj1634c	98.066	100	362	362	362	722	0.0
CJJ81176_RS07850	Cj1635c	99.107	100	224	224	224	441	1.97e-161
CJJ81176_RS07855	Cj1636c	100.000	100	146	146	146	301	8.97e-109
CJJ81176_RS07860	Cj1637c	99.390	100	328	328	328	650	0.0
CJJ81176_RS07865	Cj1638	98.512	100	605	605	605	1206	0.0
CJJ81176_RS07870	Cj1639	100.000	100	90	90	90	182	1.41e-63
CJJ81176_RS07875	Cj1640	99.454	100	183	183	183	365	5.44e-133
CJJ81176_RS07880	Cj1641	98.126	100	427	427	427	848	0.0
CJJ81176_RS07885	Cj1642	100.000	100	103	103	103	198	2.53e-69
CJJ81176_RS07890	Cj1643	99.176	100	364	364	364	731	0.0
CJJ81176_RS07895	Cj1644	99.288	100	281	281	281	562	0.0
CJJ81176_RS07900	Cj1645	98.259	100	632	632	632	1274	0.0
CJJ81176_RS07905	Cj1646	98.103	100	369	369	369	724	0.0
CJJ81176_RS07910	Cj1647	98.333	100	240	240	240	472	2.76e-173
CJJ81176_RS07915	Cj1648	98.311	100	296	296	296	576	0.0
CJJ81176_RS07920	Cj1649	98.492	100	199	199	199	389	7.01e-142
CJJ81176_RS07925	Cj1650	98.795	100	166	166	166	333	1.63e-120
CJJ81176_RS07930	Cj1651c	99.206	100	252	252	252	508	0.0
CJJ81176_RS07935	Cj1652c	98.381	100	247	250	247	497	0.0
CJJ81176_RS07940	Cj1653c	94.771	100	153	152	153	273	2.18e-97
CJJ81176_RS07945	Cj1654c	96.658	100	389	389	389	747	0.0
CJJ81176_RS07950	Cj1655c	99.215	100	382	382	382	744	0.0
CJJ81176_RS07955	Cj1656c	96.667	100	60	60	60	114	4.04e-37
CJJ81176_RS07960	Cj1432c	54.545	29	70	1031	22	22.7	1.2
CJJ81176_RS07965	Cj1658	97.989	100	696	696	696	1355	0.0
CJJ81176_RS07970	Cj1659	100.000	100	179	179	179	366	2.47e-133
CJJ81176_RS07975	Cj1660	97.430	100	467	467	467	913	0.0
CJJ81176_RS07980	Cj1661	98.372	100	430	430	430	848	0.0
CJJ81176_RS07985	Cj1662	98.387	100	372	372	372	709	0.0
CJJ81176_RS07990	Cj1663	100.000	100	217	217	217	440	3.08e-161
CJJ81176_RS07995	Cj1664	99.383	100	162	162	162	322	1.60e-116
CJJ81176_RS08000	Cj1665	99.401	100	167	167	167	334	4.78e-121
CJJ81176_RS08005	Cj1666c	98.621	100	145	145	145	294	7.26e-106
CJJ81176_RS09175	Cj1668c	87.129	100	101	138	101	182	1.07e-62
CJJ81176_RS08040	Cj1669c	97.518	100	282	282	282	563	0.0
CJJ81176_RS08045	Cj1670c	98.636	100	220	220	220	437	3.02e-160
CJJ81176_RS08050	Cj1671c	98.507	100	67	67	67	133	1.80e-44
CJJ81176_RS08055	Cj1672c	99.517	100	414	414	414	841	0.0
CJJ81176_RS08060	Cj1673c	100.000	100	343	343	343	694	0.0
CJJ81176_RS08065	Cj1674	98.601	100	286	286	286	573	0.0
CJJ81176_RS08070	Cj1675	100.000	100	89	89	89	169	3.17e-58
CJJ81176_RS08075	Cj1676	96.512	100	258	258	258	498	0.0
CJJ81176_RS08080	Cj1680c	96.838	99	256	255	253	484	1.39e-177
CJJ81176_RS08085	Cj1681c	98.425	100	254	254	254	509	0.0
CJJ81176_RS08090	Cj1682c	99.763	100	422	422	422	880	0.0
CJJ81176_RS08095	Cj1684c	98.210	100	391	391	391	758	0.0
CJJ81176_RS08100	Cj1685c	99.281	100	278	278	278	572	0.0
CJJ81176_RS08105	Cj1686c	98.143	100	700	700	700	1415	0.0
CJJ81176_RS08110	Cj1687	98.582	100	423	423	423	841	0.0
CJJ81176_RS08115	Cj1127c	28.333	9	670	365	60	26.6	2.3
CJJ81176_RS08120	Cj1588c	45.161	10	315	431	31	25.8	1.6
CJJ81176_RS08125	Cj0784	35.135	41	90	304	37	28.5	0.021
CJJ81176_RS08130	Cj1688c	99.525	100	421	421	421	837	0.0
CJJ81176_RS08135	Cj1689c	100.000	100	130	130	130	256	3.01e-91
CJJ81176_RS08140	Cj1690c	100.000	100	147	147	147	287	3.69e-103
CJJ81176_RS08145	Cj1691c	99.153	100	118	118	118	230	1.43e-81
CJJ81176_RS08150	Cj1692c	100.000	100	178	178	178	356	3.07e-129
CJJ81176_RS08155	Cj1693c	100.000	100	131	131	131	262	8.27e-94
CJJ81176_RS08160	Cj1694c	100.000	100	61	61	61	126	3.92e-42
CJJ81176_RS08165	Cj1695c	100.000	100	181	181	181	364	1.35e-132
CJJ81176_RS08170	Cj1696c	100.000	100	77	77	77	148	2.37e-50
CJJ81176_RS08175	Cj1697c	100.000	100	122	122	122	243	1.23e-86
CJJ81176_RS08180	Cj1698c	100.000	100	83	83	83	163	6.22e-56
CJJ81176_RS08185	Cj1699c	100.000	100	61	61	61	118	1.04e-38
CJJ81176_RS08190	Cj1700c	100.000	100	141	141	141	286	5.72e-103
CJJ81176_RS08195	Cj1701c	100.000	100	233	233	233	466	3.59e-171
CJJ81176_RS08200	Cj1702c	98.198	76	147	141	111	221	3.83e-77
CJJ81176_RS08205	Cj1703c	100.000	100	93	93	93	191	9.47e-67
CJJ81176_RS08210	Cj1704c	99.638	100	276	276	276	557	0.0
CJJ81176_RS08215	Cj1705c	97.849	100	93	93	93	187	4.47e-65
CJJ81176_RS08220	Cj1706c	98.529	100	204	204	204	405	5.95e-148
CJJ81176_RS08225	Cj1707c	99.476	100	191	191	191	391	9.63e-143
CJJ81176_RS08230	Cj1708c	100.000	100	103	103	103	205	3.94e-72
CJJ81176_RS08235	Cj1709c	99.605	100	253	253	253	512	0.0
CJJ81176_RS08240	Cj1710c	99.849	100	664	664	664	1372	0.0
CJJ81176_RS08245	Cj1711c	97.368	100	266	266	266	523	0.0
CJJ81176_RS08250	Cj1712	97.753	100	178	178	178	350	6.44e-127
CJJ81176_RS08255	Cj1713	98.315	100	356	356	356	717	0.0
CJJ81176_RS08260	Cj1714	93.750	100	32	32	32	42.0	2.90e-09
CJJ81176_RS08290	Cj1715	98.295	100	176	176	176	353	2.22e-128
CJJ81176_RS08295	Cj1716c	99.500	100	200	200	200	400	2.62e-146
CJJ81176_RS08300	Cj1717c	98.936	100	470	470	470	964	0.0
CJJ81176_RS08305	Cj1718c	98.883	100	358	358	358	722	0.0
CJJ81176_RS08310	Cj1719c	99.217	100	511	511	511	1045	0.0
CJJ81176_RS08315	Cj1720	100.000	100	209	209	209	421	6.64e-154
CJJ81176_RS08320	Cj1721c	65.421	100	214	214	214	296	2.43e-104
CJJ81176_RS08325	Cj1724c	100.000	100	127	127	127	263	3.87e-94
CJJ81176_RS08330	Cj1725	98.995	100	199	199	199	399	6.96e-146
CJJ81176_RS08335	Cj1726c	100.000	100	293	293	293	604	0.0
CJJ81176_RS08340	Cj1727c	99.291	100	423	423	423	861	0.0
CJJ81176_RS08350	Cj1729c	78.555	100	838	865	872	1306	0.0
CJJ81176_RS08355	Cj1731c	98.750	100	160	160	160	321	4.96e-116
CJJ81176_RS08370	Cj0412	21.739	30	378	609	115	25.8	2.3
CJJ81176_RS08380	Cj1375	36.957	41	101	431	46	26.9	0.083
CJJ81176_RS08385	Cj0855	33.333	23	132	282	33	23.5	2.0
CJJ81176_RS08390	Cj0598	38.235	20	170	480	34	24.3	2.3
CJJ81176_RS08395	Cj0369c	35.714	15	185	458	28	25.8	0.91
CJJ81176_RS08400	Cj0161c	48.276	32	88	320	29	28.1	0.024
CJJ81176_RS08405	Cj0100	54.167	13	186	261	24	30.4	0.021
CJJ81176_RS08410	Cj1015c	41.667	41	88	256	36	26.9	0.057
CJJ81176_RS08415	Cj0031	27.193	5	1932	1243	114	35.0	0.021
CJJ81176_RS08420	Cj1237c	39.474	15	234	324	38	26.2	0.77
CJJ81176_RS08425	Cj1385	25.926	12	462	474	54	28.5	0.44
CJJ81176_RS08430	Cj1310c	39.394	18	183	404	33	26.6	0.37
CJJ81176_RS08435	Cj1344c	41.176	37	93	335	34	23.5	1.2
CJJ81176_RS08440	Cj0599	38.889	18	203	317	36	26.6	0.55
CJJ81176_RS08445	Cj1037c	32.609	19	217	481	46	28.5	0.15
CJJ81176_RS08450	Cj1508c	44.681	12	408	260	47	30.0	0.095
CJJ81176_RS08455	Cj0591c	31.343	77	87	73	67	33.5	1.02e-04
CJJ81176_RS08460	Cj1500	45.455	38	85	402	33	24.3	0.50
CJJ81176_RS08470	Cj1399c	36.957	64	72	497	46	23.5	0.69
CJJ81176_RS08475	Cj0722c	41.667	31	67	271	24	23.5	0.48
CJJ81176_RS08480	Cj1205c	25.610	27	597	446	164	43.1	1.44e-05
CJJ81176_RS08485	Cj0901	22.000	40	204	247	100	26.9	0.36
CJJ81176_RS08490	Cj0992c	62.500	13	125	451	16	25.8	0.32
CJJ81176_RS08495	Cj1271c	28.750	75	107	401	80	27.3	0.089
CJJ81176_RS08500	Cj0860	38.095	48	87	290	42	23.5	1.1
CJJ81176_RS08505	Cj1004	57.143	2	922	138	21	28.5	0.43
CJJ81176_RS08510	Cj1428c	34.615	23	188	346	52	25.8	0.68
CJJ81176_RS08515	Cj0896c	28.125	29	221	773	64	25.4	1.7
CJJ81176_RS08520	Cj1071	30.476	74	141	183	105	62.0	4.10e-14
CJJ81176_RS08525	Cj1555c	34.043	48	89	211	47	25.8	0.13
CJJ81176_RS08530	Cj1354	32.075	14	323	251	53	26.2	1.0
CJJ81176_RS08535	Cj1188c	33.333	18	332	619	69	26.2	1.3
CJJ81176_RS08540	Cj1074c	43.750	85	55	215	48	32.7	1.78e-04
CJJ81176_RS08545	Cj1306c	22.727	59	220	408	154	27.3	0.30
CJJ81176_RS08550	Cj1351	40.625	11	295	329	32	27.3	0.54
CJJ81176_RS08555	Cj0434	32.812	16	391	492	64	29.3	0.19
CJJ81176_RS08560	Cj1471c	31.210	46	330	519	157	43.9	3.21e-06
CJJ81176_RS08565	Cj0115	32.558	13	603	189	86	28.5	0.37
CJJ81176_RS08570	Cj0509c	37.500	22	145	857	32	25.4	0.83
CJJ81176_RS08575	Cj0943	27.586	11	254	169	29	25.0	1.7
CJJ81176_RS08580	Cj0390	29.630	20	265	820	54	28.5	0.20
CJJ81176_RS08585	Cj1481c	30.000	41	206	921	100	25.4	1.2
CJJ81176_RS08590	Cj1686c	26.094	83	730	700	640	129	3.22e-32
CJJ81176_RS08595	Cj1108	32.609	19	473	709	92	28.9	0.31
CJJ81176_RS08600	Cj1418c	45.455	56	59	779	33	21.6	2.3
CJJ81176_RS08605	Cj0493	26.519	95	639	691	675	231	2.64e-68
CJJ81176_RS09025	Cj0622	28.205	68	57	729	39	25.8	0.068
CJJ81176_RS08610	Cj0759	35.714	10	222	623	28	25.0	1.7
CJJ81176_RS08615	Cj1658	32.143	39	140	696	56	27.7	0.10
CJJ81176_RS08620	Cj1314c	31.148	23	225	248	61	26.2	0.61
CJJ81176_RS08625	Cj0622	32.203	16	356	729	59	27.7	0.51
CJJ81176_RS08630	Cj0764c	33.962	14	378	611	53	28.5	0.33
CJJ81176_RS08635	Cj0701	34.884	62	66	417	43	24.3	0.30
CJJ81176_RS08640	Cj1471c	33.333	36	317	519	117	40.0	5.01e-05
CJJ81176_RS08645	Cj0794	28.750	55	135	426	80	26.9	0.17
CJJ81176_RS08650	Cj1687	23.729	28	628	423	177	33.1	0.019
CJJ81176_RS09110	Cj0208	27.027	66	56	363	37	24.6	0.15
CJJ81176_RS08655	Cj1364c	22.785	24	293	463	79	24.6	3.4
CJJ81176_RS08660	Cj1673c	28.261	52	89	343	46	25.4	0.21
CJJ81176_RS08665	Cj1036c	37.500	6	382	83	24	25.0	1.4
CJJ81176_RS08670	Cj1686c	31.122	84	655	700	588	209	3.27e-60
CJJ81176_RS08675	Cj0645	28.395	60	121	372	81	25.0	0.61
CJJ81176_RS08680	Cj1071	28.649	99	152	183	185	75.1	5.37e-19
CJJ81176_RS09185	Cj0979c	31.579	67	57	175	38	22.3	0.90
CJJ81176_RS08685	Cj0545	46.154	17	155	307	26	26.6	0.34
CJJ81176_RS08690	Cj0463	24.390	43	164	406	82	25.0	1.1
CJJ81176_RS08695	Cj1184c	27.083	41	117	374	48	25.4	0.45
CJJ81176_RS08705	Cj0487	34.211	21	181	256	38	27.7	0.14
CJJ81176_RS08710	Cj1009c	26.471	70	137	466	102	23.5	2.4
CJJ81176_RS08715	Cj1459	30.769	48	135	357	65	23.5	2.5
CJJ81176_RS08720	Cj1151c	32.759	54	107	317	58	25.8	0.28
CJJ81176_RS08730	Cj0100	51.111	20	222	261	45	45.8	2.11e-07
CJJ81176_RS08735	Cj1414c	34.426	29	209	689	61	24.6	2.3
CJJ81176_RS08740	Cj1110c	22.222	58	278	429	162	27.3	0.49
CJJ81176_RS08745	Cj0930	30.337	23	373	367	89	30.0	0.085
CJJ81176_RS08750	Cj0381c	27.143	24	292	279	70	25.8	1.5
CJJ81176_RS08755	Cj1131c	28.125	12	260	328	32	25.0	2.3
CJJ81176_RS08760	Cj1183c	20.879	38	239	387	91	26.2	0.79
CJJ81176_RS08765	Cj1651c	34.043	11	417	252	47	30.0	0.10
CJJ81176_RS08770	Cj0401	27.381	56	142	501	84	27.7	0.11
CJJ81176_RS08775	Cj0405	38.889	44	114	262	54	30.8	0.005
CJJ81176_RS08780	Cj1332	28.049	80	102	256	82	29.3	0.014
CJJ81176_RS08785	Cj0184c	25.862	71	73	384	58	23.9	0.50
CJJ81176_RS08795	Cj0941c	39.216	34	136	401	51	24.3	1.3
CJJ81176_RS08800	Cj1131c	26.168	73	143	328	107	26.6	0.24
CJJ81176_RS08805	Cj0066c	32.558	70	61	159	43	23.9	0.33
CJJ81176_RS09115	Cj1309c	38.235	61	56	356	34	25.4	0.080
CJJ81176_RS08815	Cj1086c	27.027	31	121	131	37	24.3	0.82
CJJ81176_RS08820	Cj1701c	37.255	43	111	233	51	24.6	0.64
CJJ81176_RS08825	Cj0412	30.088	84	120	609	113	25.0	0.74
CJJ81176_RS08830	Cj0128c	35.135	25	134	240	37	27.3	0.12
CJJ81176_RS08835	Cj1456c	90.385	80	130	104	104	192	1.80e-66
CJJ81176_RS08840	Cj1337	31.250	15	523	628	80	24.6	7.0
CJJ81176_RS08845	Cj0931c	32.759	54	101	460	58	25.0	0.43
CJJ81176_RS08850	Cj1500	34.483	61	80	402	58	25.0	0.27
CJJ81176_RS08855	Cj0173c	29.126	11	822	302	103	31.2	0.11
CJJ81176_RS09190	Cj1074c	50.000	48	42	215	20	25.4	0.046
